100000000000000000000000000000001000000000000000000000000000000000000000001000000000000000000000000000000000000000000000010000000010000000000100000000000000000000000000000000000000000000000000000
100000000000000000000000000000001000000000000000000000000000000000000000001000000000000000000000000000000000000000000000000000000010000000000100000000000000000000000000000000000000000000000000000
100000000000000000000000000000001000000000000000000000000000000000000000001000000000000000000000000000000000000000000000000000000010000000000000000000000000000000000000000000000000000000000000000
100000000000000000000000000000001000000000000000000000000000000000000000000000000000000000000000000000000000000000000000000000000010000000000000000000000000000000000000000000000000000000000000000
000000000000000000000000000000001000000000000000000000000000000000000000000000000000000000000000000000000000000000000000000000000010000000000000000000000000000000000000000000000000000000000000000
010111111111111111111111111111110111111111111111111111111111111111011111110111111111111111111111111111111111111111111111101111111101111111111011111111111111111111111111111111111111111111111111111
010111111111111111111111111111110111111111111111111111111111111111011111110111111111111111111111111111111111111111111111101111111101111111111011111111111111111111111111111111110111111111111111111
010000011010000000100001000100000101000000000000000000000000010011000000000001010000111001010000000100010001000000010000001000100001010000110001000010000001000000000100111000000110000000001001010
010000011010000000100001000100000101000000000000000000000000010011000000000001010000111001010000000000010001000000010000001000100001010000110001000010000001000000000000111000000110000000001001010
010000000000000000100000000000000000000000000000000000000000000000000000000000000000001000000000000000000000000000000000000000000000000000100000000000000000000000000000100000000000000000000000000
010000000000000000100000000000000000000000000000000000000000000000000000000000000000000000000000000000000000000000000000000000000000000000100000000000000000000000000000000000000000000000000000000
010000000000000000000000000000000000000000000000000000000000000000000000000000000000000000000000000000000000000000000000000000000000000000100000000000000000000000000000000000000000000000000000000
000000000000000000000000000000000000000000000000000000000000000000000000000000000000001000000000000000000000000000000000000000000000000000000000000000000000000000000000100000000000000000000000000
000000011010000000000001000100000101000000000000000000000000010011000000000001010000110001010000000000010001000000010000001000100001010000010001000010000001000000000000011000000110000000001001010
000000011010000000000001000100000101000000000000000000000000010011000000000001010000110001010000000000010001000000010000001000100001010000010001000010000001000000000000011000000100000000001001010
000000011010000000000001000100000100000000000000000000000000010011000000000001010000110000010000000000010001000000010000001000100001000000010001000010000001000000000000011000000100000000001001010
000000011010000000000001000100000100000000000000000000000000010011000000000001000000110000010000000000010001000000010000001000100001000000010001000010000001000000000000011000000100000000001001010
000000011010000000000001000100000100000000000000000000000000010011000000000001000000110000010000000000000001000000010000001000100001000000010001000010000001000000000000011000000100000000001001010
000000011010000000000001000000000100000000000000000000000000010011000000000001000000110000010000000000000001000000000000001000100001000000010001000010000001000000000000011000000100000000001001010
000000011000000000000000000000000000000000000000000000000000000000000000000000000000000000000000000000000000000000000000000000000000000000000000000000000000000000000000000000000100000000000000000
000000001000000000000000000000000000000000000000000000000000000000000000000000000000000000000000000000000000000000000000000000000000000000000000000000000000000000000000000000000100000000000000000
000000000010000000000001000000000100000000000000000000000000010011000000000001000000110000010000000000000001000000000000001000100001000000010001000010000001000000000000011000000000000000001001010
000000000010000000000001000000000100000000000000000000000000010011000000000001000000110000010000000000000001000000000000000000100001000000010001000010000001000000000000011000000000000000001001010
000000000010000000000001000000000100000000000000000000000000010011000000000001000000010000010000000000000001000000000000000000100001000000010001000010000000000000000000011000000000000000001001010
000000000010000000000001000000000100000000000000000000000000000001000000000001000000000000010000000000000001000000000000000000100001000000010001000010000000000000000000011000000000000000001001010
000000000010000000000001000000000100000000000000000000000000000001000000000001000000000000010000000000000001000000000000000000100001000000010001000000000000000000000000011000000000000000001001010
000000000010000000000000000000000000000000000000000000000000000001000000000001000000000000010000000000000000000000000000000000100000000000010000000000000000000000000000011000000000000000001001010
000000000010000000000000000000000000000000000000000000000000000001000000000001000000000000010000000000000000000000000000000000100000000000010000000000000000000000000000001000000000000000001001010
000000000010000000000000000000000000000000000000000000000000000001000000000001000000000000000000000000000000000000000000000000100000000000010000000000000000000000000000001000000000000000001001010
000000000010000000000000000000000000000000000000000000000000000001000000000000000000000000000000000000000000000000000000000000100000000000010000000000000000000000000000001000000000000000001001010
000000000010000000000000000000000000000000000000000000000000000001000000000000000000000000000000000000000000000000000000000000100000000000000000000000000000000000000000001000000000000000001001010
000000000010000000000000000000000000000000000000000000000000000001000000000000000000000000000000000000000000000000000000000000100000000000000000000000000000000000000000001000000000000000000001010
000000000010000000000000000000000000000000000000000000000000000000000000000000000000000000000000000000000000000000000000000000100000000000000000000000000000000000000000000000000000000000000000000
000000000000000000000000000000000000000000000000000000000000000001000000000000000000000000000000000000000000000000000000000000000000000000000000000000000000000000000000001000000000000000000001010
000000000000000000000000000000000000000000000000000000000000000001000000000000000000000000000000000000000000000000000000000000000000000000000000000000000000000000000000000000000000000000000001010
000000000000000000000000000000000000000000000000000000000000000001000000000000000000000000000000000000000000000000000000000000000000000000000000000000000000000000000000000000000000000000000000010
000000000000000000000001000000000100000000000000000000000000000000000000000000000000000000000000000000000001000000000000000000000001000000000001000000000000000000000000000000000000000000000000000
000000000000000000000001000000000100000000000000000000000000000000000000000000000000000000000000000000000001000000000000000000000000000000000000000000000000000000000000000000000000000000000000000
000000000000000000000001000000000100000000000000000000000000000000000000000000000000000000000000000000000000000000000000000000000000000000000000000000000000000000000000000000000000000000000000000
000000000000000000000000000000000000000000000000000000000000000000000000000000000000000000000000000000000000000000000000000000000001000000000001000000000000000000000000000000000000000000000000000
000000000000000000000000000000000000000000000000000000000000010010000000000000000000010000000000000000000000000000000000000000000000000000000000000000000000000000000000000000000000000000000000000
000000000000000000000000000000000000000000000000000000000000000010000000000000000000010000000000000000000000000000000000000000000000000000000000000000000000000000000000000000000000000000000000000
000000000000000000000000000000000000000000000000000000000000000000000000000000000000100000000000000000000000000000000000000000000000000000000000000000000001000000000000000000000000000000000000000
000000000000000000000000000100000000000000000000000000000000000000000000000000000000000000000000000000000000000000010000000000000000000000000000000000000000000000000000000000000000000000000000000
000000000000000000000000000000000001000000000000000000000000000000000000000000000000000001000000000000000000000000000000000000000000010000000000000000000000000000000000000000000000000000000000000
000000000000000000000000000000000001000000000000000000000000000000000000000000000000000001000000000000000000000000000000000000000000000000000000000000000000000000000000000000000000000000000000000
000000000000000000000000000000000000000000000000000000000000000000000000000000000000000000000000000100000000000000000000000000000000000000000000000000000000000000000100000000000000000000000000000
000111100101111111011110111011110010111111111111111111111111101100011111110110101111000110101111111011101110111111101111100111011100101111001010111101111110111111111011000111110001111111110110101
000111100101111111011110111011110010111111111111111111111111101100011111110110101111000110101111111011100110111111101111100111011100101111001010111101111110111111111011000111110001111111110110101
000111100101111111011110111011110010111111111111111111111111101100011111010110101111000110101111111011100110111111101111100111001100101111001010101101111110111111111011000110110001111111110110101
000111000101111111010110111011110010111111111111111111111111101100011111010110001111000110101111111011100110111111101111100111001100101111001010101101111110111111111011000110110001111111110010101
000111000101111111010110111011110010111111111111111111111111101100001110010110001111000110101111111011100110111011101111100111001100101111001010100101111110111111111011000110110001111111110010101
000111000101111111010110111011110010111111111101111111111111101100001110010110001111000110101111111011100110111011101111100111001100101111001010100101111110111111111011000110110001111111110010101
000111000101111111010110111011110010111111111101111111111111101100001110010110001111000110101111111011100110111011101111100111001100101111001010000101111110110111111011000110110001111111110010101
000111000101111111010110111011110000111111111101111111111111101100001110010110001111000110101111111011100110111011101111100111001100101111001010000101111110110111111011000110110001111111110010101
000111000101111111010110111011110000111111111101111111111111101100001110010110001111000110101111111011100110111011101111100111001100101111001010000101111110110111111011000110100001111111110010101
000111000101111111010110111011110000111111111101111111111111101100001110010110001111000110101111111011100110111011101111100111001100101111001010000101101110110111111011000110100001111111110010101
000111000101111111010110111011110000111111111101111111111111101100001110010110001111000110101111111011100110111011101111100111001100101110001010000101101110110111111011000110100001111111110010101
000111000101110011000110111011110000110101110100111111110111101100001100010110001011000110101111111011100110010010100111100111001100101110000010000100101110100111111001000110000001000111110010101
000111000101010011000110111011110000110101100100111111110111101100001100010110001011000110101111111011100110010010100111000111001100101110000010000100101110100111111001000110000000000110110000001
000111000101010011000110111011110000110101100100111111110111101100001100010110000011000110101111111011100110010010100111000111001100101110000010000100101110100111111001000110000000000110110000001
000111000101010011000110111011110000110101100000111111110111101100001100010110000011000110101111111011100110010010100111000111001000101110000010000100101110100011011001000110000000000110110000001
000110000000010001000000100000010000100101000000000000100110100000001100010000000000000000001110000000000000000000000010000010000000001010000010000000000000000001010000000010000000000110000000000
000110000000010001000000100000010000100101000000000000100110100000001100010000000000000000001110000000000000000000000010000010000000001010000010000000000000000000010000000010000000000110000000000
000110000000010001000000100000010000100101000000000000100100100000001100010000000000000000001110000000000000000000000010000010000000001010000010000000000000000000010000000010000000000110000000000
000110000000010001000000100000010000100101000000000000100100100000001100010000000000000000000110000000000000000000000010000010000000001010000010000000000000000000010000000000000000000110000000000
000100000000000001000000000000000000100001000000000000000100100000000000010000000000000000000100000000000000000000000000000000000000000010000010000000000000000000000000000000000000000000000000000
000100000000000000000000000000000000100001000000000000000000100000000000010000000000000000000100000000000000000000000000000000000000000010000010000000000000000000000000000000000000000000000000000
000100000000000000000000000000000000000001000000000000000000100000000000000000000000000000000100000000000000000000000000000000000000000000000010000000000000000000000000000000000000000000000000000
000100000000000000000000000000000000000000000000000000000000100000000000000000000000000000000100000000000000000000000000000000000000000000000010000000000000000000000000000000000000000000000000000
000000000000000000000000000000000000000000000000000000000000100000000000000000000000000000000100000000000000000000000000000000000000000000000010000000000000000000000000000000000000000000000000000
000000000000000000000000000000000000000000000000000000000000000000000000000000000000000000000100000000000000000000000000000000000000000000000010000000000000000000000000000000000000000000000000000
000000000000000000000000000000000000100000000000000000000000000000000000010000000000000000000000000000000000000000000000000000000000000010000000000000000000000000000000000000000000000000000000000
000000000000000000000000000000000000100000000000000000000000000000000000000000000000000000000000000000000000000000000000000000000000000010000000000000000000000000000000000000000000000000000000000
000000000000000001000000000000000000000000000000000000000100000000000000000000000000000000000000000000000000000000000000000000000000000000000000000000000000000000000000000000000000000000000000000
000010000000010000000000100000010000000100000000000000100000000000001100000000000000000000000010000000000000000000000010000010000000001000000000000000000000000000010000000000000000000110000000000
000010000000010000000000100000010000000100000000000000100000000000000100000000000000000000000010000000000000000000000010000010000000001000000000000000000000000000010000000000000000000110000000000
000010000000010000000000100000010000000100000000000000100000000000000100000000000000000000000010000000000000000000000000000010000000001000000000000000000000000000010000000000000000000110000000000
000010000000010000000000100000010000000100000000000000100000000000000000000000000000000000000010000000000000000000000000000010000000001000000000000000000000000000010000000000000000000110000000000
000010000000000000000000000000000000000000000000000000000000000000000000000000000000000000000010000000000000000000000000000000000000000000000000000000000000000000000000000000000000000100000000000
000010000000000000000000000000000000000000000000000000000000000000000000000000000000000000000000000000000000000000000000000000000000000000000000000000000000000000000000000000000000000100000000000
000000000000010000000000100000010000000100000000000000100000000000000000000000000000000000000000000000000000000000000000000010000000001000000000000000000000000000010000000000000000000010000000000
000000000000010000000000100000010000000100000000000000000000000000000000000000000000000000000000000000000000000000000000000010000000001000000000000000000000000000010000000000000000000010000000000
000000000000010000000000100000010000000100000000000000000000000000000000000000000000000000000000000000000000000000000000000010000000001000000000000000000000000000000000000000000000000010000000000
000000000000000000000000100000010000000100000000000000000000000000000000000000000000000000000000000000000000000000000000000010000000001000000000000000000000000000000000000000000000000010000000000
000000000000000000000000100000010000000100000000000000000000000000000000000000000000000000000000000000000000000000000000000000000000001000000000000000000000000000000000000000000000000010000000000
000000000000000000000000100000010000000100000000000000000000000000000000000000000000000000000000000000000000000000000000000000000000001000000000000000000000000000000000000000000000000000000000000
000000000000000000000000100000000000000100000000000000000000000000000000000000000000000000000000000000000000000000000000000000000000001000000000000000000000000000000000000000000000000000000000000
000000000000000000000000100000000000000000000000000000000000000000000000000000000000000000000000000000000000000000000000000000000000001000000000000000000000000000000000000000000000000000000000000
000000000000000000000000000000000000000000000000000000000000000000000000000000000000000000001000000000000000000000000000000000000000000000000000000000000000000000000000000010000000000000000000000
000001000101000010000110011011100000010000100000111111010001001100000000000110000011000110100001111011100110010010100101000101001000100100000000000100101110100010001001000100000000000000110000001
000001000101000010000110011011100000010000100000011111010001001100000000000110000011000110100001111011100110010010100101000101001000100100000000000100101110100010001001000100000000000000110000001
000001000101000000000110011011100000010000100000011111010001001100000000000110000011000110100001111011100110010010100101000101001000100100000000000100101110100010001001000100000000000000110000001
000001000101000000000110011011100000010000100000011111010001001100000000000110000011000110100001111011100110010010100101000100001000100100000000000100101110100010001001000100000000000000110000001
000001000000000000000000000000000000000000000000000000000000000000000000000000000000000000000000000000000010000000000000000000000000000000000000000000000000000000000000000000000000000000000000000
000000000101000000000110011011100000010000100000011111010001001100000000000110000011000110100001111011100100010010100101000100001000100100000000000100101110100010001001000100000000000000110000001
000000000101000000000110011010100000010000100000011111010001001100000000000110000011000110100001111011100100010010100101000100001000100100000000000100101110100010001001000100000000000000110000001
000000000101000000000010001010000000010000100000011111010001001100000000000010000011000110100001011011100000010010100101000100001000000100000000000100101110100000000001000100000000000000010000001
000000000101000000000010001010000000010000100000011111010001001100000000000010000011000110100001011011100000010010100101000000001000000100000000000100101110100000000001000100000000000000010000001
000000000101000000000010001010000000010000100000011111010001001100000000000010000010000110100001011011100000010010100101000000001000000100000000000100101110100000000001000100000000000000010000001
000000000101000000000010001010000000010000000000011111010001001100000000000010000010000110100001011001100000010010100101000000001000000100000000000100101110000000000001000100000000000000010000001
000000000100000000000000000000000000000000000000000010000000000100000000000000000000000000000000001001100000000000000100000000000000000000000000000000000000000000000001000000000000000000010000000
000000000100000000000000000000000000000000000000000010000000000000000000000000000000000000000000000001100000000000000000000000000000000000000000000000000000000000000001000000000000000000010000000
000000000000000000000000000000000000000000000000000010000000000000000000000000000000000000000000000001100000000000000000000000000000000000000000000000000000000000000001000000000000000000010000000
000000000000000000000000000000000000000000000000000010000000000000000000000000000000000000000000000001100000000000000000000000000000000000000000000000000000000000000001000000000000000000000000000
000000000000000000000000000000000000000000000000000010000000000000000000000000000000000000000000000001000000000000000000000000000000000000000000000000000000000000000000000000000000000000000000000
000000000000000000000000000000000000000000000000000000000000000000000000000000000000000000000000000000100000000000000000000000000000000000000000000000000000000000000001000000000000000000000000000
000000000000000000000000000000000000000000000000000000000000000100000000000000000000000000000000001000000000000000000100000000000000000000000000000000000000000000000000000000000000000000000000000
000000000000000000000000000000000000000000000000000000000000000000000000000000000000000000000000001000000000000000000100000000000000000000000000000000000000000000000000000000000000000000000000000
000000000001000000000010001010000000010000000000011101010001001000000000000010000010000110100001010000000000010010100001000000001000000100000000000100101110000000000000000100000000000000000000001
000000000001000000000010001010000000010000000000011101010001001000000000000010000010000110100001010000000000010000100001000000001000000100000000000100101110000000000000000100000000000000000000001
000000000001000000000010001000000000010000000000011101010001001000000000000010000010000110100000010000000000010000100001000000001000000100000000000100101110000000000000000100000000000000000000001
000000000001000000000000001000000000010000000000011101010001001000000000000010000010000110100000010000000000010000100001000000001000000100000000000100101110000000000000000100000000000000000000001
000000000001000000000000001000000000010000000000011101010001001000000000000010000010000110100000010000000000010000100001000000001000000100000000000100101110000000000000000100000000000000000000000
000000000001000000000000001000000000000000000000011100010000000000000000000000000010000000100000010000000000010000100001000000000000000100000000000100000100000000000000000100000000000000000000000
000000000001000000000000000000000000000000000000011100010000000000000000000000000010000000100000010000000000010000100001000000000000000100000000000100000100000000000000000100000000000000000000000
000000000001000000000000000000000000000000000000011100010000000000000000000000000010000000100000000000000000010000100001000000000000000100000000000100000100000000000000000100000000000000000000000
000000000001000000000000000000000000000000000000011100010000000000000000000000000010000000100000000000000000010000100000000000000000000100000000000100000100000000000000000100000000000000000000000
000000000001000000000000000000000000000000000000011100010000000000000000000000000010000000100000000000000000010000000000000000000000000100000000000100000100000000000000000100000000000000000000000
000000000001000000000000000000000000000000000000000000000000000000000000000000000010000000000000000000000000010000000000000000000000000000000000000100000000000000000000000000000000000000000000000
000000000001000000000000000000000000000000000000000000000000000000000000000000000010000000000000000000000000000000000000000000000000000000000000000100000000000000000000000000000000000000000000000
000000000000000000000000000000000000000000000000000000000000000000000000000000000010000000000000000000000000000000000000000000000000000000000000000100000000000000000000000000000000000000000000000
000000000000000000000000000000000000000000000000011100010000000000000000000000000000000000100000000000000000000000000000000000000000000100000000000000000100000000000000000100000000000000000000000
000000000000000000000000000000000000000000000000001100010000000000000000000000000000000000100000000000000000000000000000000000000000000100000000000000000100000000000000000100000000000000000000000
000000000000000000000000000000000000000000000000001100010000000000000000000000000000000000000000000000000000000000000000000000000000000100000000000000000000000000000000000100000000000000000000000
000000000000000000000000000000000000000000000000001000010000000000000000000000000000000000000000000000000000000000000000000000000000000100000000000000000000000000000000000100000000000000000000000
000000000000000000000000000000000000000000000000001000010000000000000000000000000000000000000000000000000000000000000000000000000000000100000000000000000000000000000000000000000000000000000000000
000000000000000000000000000000000000000000000000001000010000000000000000000000000000000000000000000000000000000000000000000000000000000000000000000000000000000000000000000000000000000000000000000
000000000000000000000000000000000000000000000000000000000000000000000000000000000000000000100000000000000000000000000000000000000000000000000000000000000100000000000000000000000000000000000000000
000000000000000000000000000000000000010000000000000001000001001000000000000010000000000110000000000000000000000000000000000000001000000000000000000000101010000000000000000000000000000000000000000
000000000000000000000000000000000000010000000000000001000001001000000000000010000000000110000000000000000000000000000000000000000000000000000000000000101010000000000000000000000000000000000000000
000000000000000000000000000000000000010000000000000000000001001000000000000010000000000110000000000000000000000000000000000000000000000000000000000000101010000000000000000000000000000000000000000
000000000000000000000000000000000000010000000000000000000001000000000000000010000000000110000000000000000000000000000000000000000000000000000000000000101010000000000000000000000000000000000000000
000000000000000000000000000000000000010000000000000000000000000000000000000010000000000000000000000000000000000000000000000000000000000000000000000000001000000000000000000000000000000000000000000
000000000000000000000000000000000000010000000000000000000000000000000000000010000000000000000000000000000000000000000000000000000000000000000000000000000000000000000000000000000000000000000000000
000000000000000000000000000000000000000000000000000000000001000000000000000000000000000110000000000000000000000000000000000000000000000000000000000000100010000000000000000000000000000000000000000
000000000000000000000000000000000000000000000000000000000001000000000000000000000000000010000000000000000000000000000000000000000000000000000000000000000010000000000000000000000000000000000000000
000000000000000000000000000000000000000000000000000000000001000000000000000000000000000010000000000000000000000000000000000000000000000000000000000000000000000000000000000000000000000000000000000
000000000000000000000000000000000000000000000000000000000000000000000000000000000000000100000000000000000000000000000000000000000000000000000000000000100000000000000000000000000000000000000000000
000000000000000000000000000010000000000000000000000000000000000000000000000000000000000000000001000000000000000000000000000000000000000000000000000000000000000000000000000000000000000000000000000
000000000000000000000000000000000000000000100000000000000000000000000000000000000000000000000000000010000000000000000000000000000000000000000000000000000000100000000000000000000000000000000000000
000000000000000000000000000000000000000000100000000000000000000000000000000000000000000000000000000010000000000000000000000000000000000000000000000000000000000000000000000000000000000000000000000
000000000000000000000100010000100000000000000000000000000000000000000000000100000000000000000000100000000100000000000000000000000000100000000000000000000000000010001000000000000000000000100000000
000000000000000000000100010000000000000000000000000000000000000000000000000000000000000000000000100000000000000000000000000000000000000000000000000000000000000000000000000000000000000000000000000
000000000000000000000100000000000000000000000000000000000000000000000000000000000000000000000000100000000000000000000000000000000000000000000000000000000000000000000000000000000000000000000000000
000000000000000000000000000000100000000000000000000000000000000000000000000100000000000000000000000000000100000000000000000000000000100000000000000000000000000010001000000000000000000000100000000
000000000000000000000000000000100000000000000000000000000000000000000000000100000000000000000000000000000000000000000000000000000000100000000000000000000000000010000000000000000000000000100000000
000000000000000000000000000000000000000000000000000000000000000000000000000100000000000000000000000000000000000000000000000000000000100000000000000000000000000010000000000000000000000000100000000
000000000000000000000000000000000000000000000000000000000000000000000000000100000000000000000000000000000000000000000000000000000000000000000000000000000000000000000000000000000000000000100000000
000000000000000000000000000000000000000000000000000000000000000000000000000000000000000000000000000000000000000000000000000000000000100000000000000000000000000010000000000000000000000000000000000
000000000000000000000000000000000000000000000000000000000000000000000000000000000000000000000000000000000100000000000000000000000000000000000000000000000000000000001000000000000000000000000000000
000000000000000000000000000000000000000000000100000000000000000000000000000000000000000000000000000000000000000000000000000000000100000000000000000000000000000100100000000000000000000000000000000
000000000000000000000000000000000000000000000100000000000000000000000000000000000000000000000000000000000000000000000000000000000100000000000000000000000000000100000000000000000000000000000000000
000000000000000000000000000000000000000000000100000000000000000000000000000000000000000000000000000000000000000000000000000000000000000000000000000000000000000100000000000000000000000000000000000
000000000000100000000000000000000000000000010000000000000000000000000000000000000000000000000000000000000000000000000000100000000000000000000000000000000000000000000000000000000001000001000010100
000000000000100000000000000000000000000000010000000000000000000000000000000000000000000000000000000000000000000000000000100000000000000000000000000000000000000000000000000000000001000001000010000
000000000000100000000000000000000000000000000000000000000000000000000000000000000000000000000000000000000000000000000000100000000000000000000000000000000000000000000000000000000001000001000010000
000000000000100000000000000000000000000000000000000000000000000000000000000000000000000000000000000000000000000000000000100000000000000000000000000000000000000000000000000000000000000000000000000
000000000000000000000000000000000000000000000000000000000000000000000000000000000000000000000000000000000000000000000000000000000000000000000000000000000000000000000000000000000001000001000010000
000000000000000000000000000000000000000000000000000000000000000000000000000000000000000000000000000000000000000000000000000000000000000000000000000000000000000000000000000000000001000001000000000
000000000000001100010000000000000000001010001001000000001000000000000010000000000100000000000000000000000000101001001000000000000000000000001000000001000000010000000010000000100000111000000000000
000000000000001100010000000000000000001000001001000000001000000000000010000000000100000000000000000000000000001001001000000000000000000000001000000001000000010000000010000000100000111000000000000
000000000000001100000000000000000000000000001001000000001000000000000010000000000000000000000000000000000000001001001000000000000000000000001000000001000000000000000010000000100000000000000000000
000000000000001100000000000000000000000000001001000000001000000000000010000000000000000000000000000000000000001001001000000000000000000000001000000001000000000000000010000000000000000000000000000
000000000000001100000000000000000000000000001001000000001000000000000010000000000000000000000000000000000000001001001000000000000000000000001000000001000000000000000000000000000000000000000000000
000000000000001100000000000000000000000000000001000000000000000000000010000000000000000000000000000000000000001001001000000000000000000000001000000000000000000000000000000000000000000000000000000
000000000000001000000000000000000000000000000001000000000000000000000010000000000000000000000000000000000000001000000000000000000000000000001000000000000000000000000000000000000000000000000000000
000000000000001000000000000000000000000000000000000000000000000000000010000000000000000000000000000000000000000000000000000000000000000000000000000000000000000000000000000000000000000000000000000
000000000000000000000000000000000000000000000001000000000000000000000000000000000000000000000000000000000000001000000000000000000000000000001000000000000000000000000000000000000000000000000000000
000000000000000000000000000000000000000000000000000000000000000000000000000000000000000000000000000000000000001000000000000000000000000000001000000000000000000000000000000000000000000000000000000
000000000000000100000000000000000000000000000000000000000000000000000000000000000000000000000000000000000000000001001000000000000000000000000000000000000000000000000000000000000000000000000000000
000000000000000000000000000000000000000000000000000000000000000000000000000000000000000000000000000000000000000001001000000000000000000000000000000000000000000000000000000000000000000000000000000
000000000000000000000000000000000000000000001000000000001000000000000000000000000000000000000000000000000000000000000000000000000000000000000000000001000000000000000000000000000000000000000000000
000000000000000000000000000000000000000000000000000000001000000000000000000000000000000000000000000000000000000000000000000000000000000000000000000001000000000000000000000000000000000000000000000
000000000000000000010000000000000000001000000000000000000000000000000000000000000100000000000000000000000000000000000000000000000000000000000000000000000000010000000000000000000000111000000000000
000000000000000000010000000000000000001000000000000000000000000000000000000000000000000000000000000000000000000000000000000000000000000000000000000000000000010000000000000000000000111000000000000
000000000000000000010000000000000000000000000000000000000000000000000000000000000000000000000000000000000000000000000000000000000000000000000000000000000000010000000000000000000000111000000000000
000000000000000000010000000000000000000000000000000000000000000000000000000000000000000000000000000000000000000000000000000000000000000000000000000000000000010000000000000000000000100000000000000
000000000000000000010000000000000000000000000000000000000000000000000000000000000000000000000000000000000000000000000000000000000000000000000000000000000000000000000000000000000000100000000000000
000000000000000000000000000000000000000000000000000000000000000000000000000000000000000000000000000000000000000000000000000000000000000000000000000000000000000000000000000000000000011000000000000
000000000000000000000000000000000000000010000000000000000000000000000000000000000000000000000000000000000000100000000000000000000000000000000000000000000000000000000000000000000000000000000000000
000000000000000000000000000000000000000000000000000000000000000000000000000000000000000000000000000000000000000000000000000000000000000000000000100000000000001000000000000000000000000000000000000
000000000000000000000000000000000000000000000000000000000000000000010001000000000000000000000000000000000000000100000000000000000000000000000000001000000000000000000000000000000000000000000000000
000000000000000000000000000000000000000000000000000000000000000000000001000000000000000000000000000000000000000100000000000000000000000000000000001000000000000000000000000000000000000000000000000
000000000000000000000000000000000000000000000000000000000000000000000001000000000000000000000000000000000000000100000000000000000000000000000000000000000000000000000000000000000000000000000000000
000000100000000000001000000000000000000000000000000000000000000000000000000000100000000000000000000000000000000000000000000000000000000000000000000000000000000000000000000000000000000000000100000
000000100000000000001000000000000000000000000000000000000000000000000000000000100000000000000000000000000000000000000000000000000000000000000000000000000000000000000000000000000000000000000000000
000000100000000000000000000000000000000000000000000000000000000000000000000000100000000000000000000000000000000000000000000000000000000000000000000000000000000000000000000000000000000000000000000
000000000000000000000000000000000000000000000000000000000000000000000000100000000000000000000000000000000000000000000000000000010000000000000000010000000000000000000000000001000000000000000000000
000000000000000000000000000000000000000000000000000000000000000000000000000000000000000000000000000000000000000000000000000000010000000000000000010000000000000000000000000001000000000000000000000
000000000000000000000000000000000000000000000000000000000000000000000000000000000000000000000000000000000000000000000000000000000000000000000000010000000000000000000000000001000000000000000000000
001000000000000000000000000000000000000000000000000000000000000000100000000000000000000000000000000000000000000000000000000000000000000000000000000000000000000000000000000000000000000000000000000