11111111111111111111111110111111111111111111111111111111111111111111111111011111111011
10010111111111111111111111011111111111110111110111111111111111111111111111111111111111
11111111111011111111111111111111110111111111111111111111111111111111111111111011111111
11111111111111111111111111111111111111011111111111011111101111100111111111111111111111
11111111111111111111111111111111111111011111111111111111101111100111111111111111111111
11111111111111110110111010101111111111111111111011111011111011111111111011011111111011
11111111111111111111011101111111111111111011111111111111111111111111110111111111111111
11111111111111111111111111101111111111111111111111111011111111111111111111111111111111
11111110111111111111111111111011111111011111111111011111101111000110111111111111111101
11111110111111111111111111111111111111011111111111011111101111100111111111111111111111
11111111011111010110111010101110001100101111011000110011110011111011111011010111101011
11111111111111011111111111111111111111111111111111111111110111111011111111111111111111
11111111111111111110111010101111111111111111111111111011111011111111111011011111111011
11111110111110111111111111111011111111011111111111011101101110000100011110101110111100
11111111111111111111111111111011111111111111111111111111111111011111111111111111111111
11111111100111111011100111111111111011111111101111101111011111111111111111111111010111
11111110111110101101111111111011111111011101111111011101101110000100011110101110111100
11111111101111111111110111111111111011111111111111101111011111111111111111111111111111
11111111111111111111111111111111001101111111111111111111111111111111111111110111111111
11111101111011111111111111111111110111111111111111111111111111111111111101111011111111
11111111111111111111011101111111111111111011111111111111111111111111110111111101111111
11111111111111111110111010101111111111111111111111111011111111111111111011011111111011
11111111111111111111111110101111111111111111111111111011111111111111111111011111111011
10010111111111111111111111011111111111111111110111111111111111111111111111111111111111
10110111111111111111111111111111111111111111111111111111111111111111111111111111111111
11011111111111111111111111111111111111111111110111111111111111111111111111111111111111
11111111011111011111111111111111111111111111111111111111110111111011111111111111111111
11111111111111111111110111111111111111111111111111111111011111111111111111111111111111
11111110111110111111111111111011111111011111111111011101101111000110111111111110111101
10000001111011111111111111011111110111110111110111111111111101111111111101111011111111
10000001111011111111111111010111110111110111110111111111111101111111111101111011111111
11111111100111111011100111111111111011111111101111101111011111111111111111111111011111
11111111111111011111111111111111111111111111111111111111110111111111111111111111111111
11111111111111111111111111111111001111111111111111111111111111111111111111111111111111
11111110111110111111111111111011111111011111111111011101101111000100111110101110111100
11111111111111101101111111111111111111111101111111111111111111111111111111111111111111
11111111111111101101111111111111111111111111111111111111111111111111111111111111111111
11111111111111111111111111111011111111111111111111111111111111011110111111111111111111
11111110111110111111111111111011111111011111111111011101101111000110111111101110111101
11111111111111111111111111111110111111111111111101111111111111111111111111111111111111
11111110111110111111111111111011111111011111111111011101101111000100111111101110111101
11111111011111010110111010101110111110101111011000110011110011111011111011011111101011
11111111111011111111111111111111110111111111111111111111111111111111111111111111111111
10000000100000101001000101010001110011010000100111001101001100000100000100101000010100
11111111101111111111110111111111111011111111101111101111011111111111111111111111111111
11111111111111110110111010101111111111111111111111111011111011111111111011011111111011
10000000111000101101111111010011110111010100110111011101101100000100011100101010111100
10000000100000101001000101010011110011010000100111001101001100000100010100101000010100
11111111111111111111111111111111111110101111011111111111111111111111111111111111101111
11111101111011111111111111111111110111111111111111111111111111111111111111111011111111
11111111111111111111111111111111111111111111111111111111111111111111111110111111111110
11111111111111111111111110111111111111111111111111111111111111111111111111011111111111
11111110111110111111111111111011111111011111111111011111101111000110111111111111111101
10000000000000000000000000000000000000000000000000000001000000000000000000000000000000
11111111110111111011111111111111111111111111111111111111111111111111111111111111111111
11111111110111111011111111111111111111111111111111111111111111111111111111111111011111
11111111111111110110111010101110111110101111011000110011111011111111111011011111101011
11111110111110111111111111111011111111011111111111011101101111000100011110101110111100
10000000100000101001100111010011110011010100100111001101001100000100011100101010010100
11111111111111111111011101111111111111111011111111111111111111111111111111111111111111
11111111111111111111111111111101111111111111111111111111111111111111101111111111111111
11111111111111111111011101111111111111111111111111111111111111111111111111111111111111
11111110111100101101111111111011111111011101111111011101101110000100011110101110111100
11111110111110111111111111111011111111011111111111011101101111000110111111111111111101
11111111101111111111110111111111111111111111111111111111011111111111111111111111111111
10000011111111111111111111011111111111110111110111111111111111111111111111111111111111
11111111111111111111111111111111111101111111111111111111111111111111111111110111111111
11111111111111111111111111111111111110111111111111111111111111111111111111111111101111
10000000111000101101111111010011110111010101110111011101101100000100011100101010111100
11011111111111111111111111011111111111111111110111111111111111111111111111111111111111
11111111111111111111111010101111111111111111111111111011111111111111111011011111111011
10000001111011111111111111011111110111110111110111111111111111111111111101111011111111
11111111111111111111111111111111111111011111111111111111101111111111111111111111111111
11111111111111111111111111111111111110101111011110111111111111111111111111111111101111
11111111111111111111111111111011111111111111111111111111111111011110111111111111111101
11111111111111111111111111111110111110101111011100111111111111111111111111111111101111
11111111101111111111110111111111111011111111111111111111011111111111111111111111111111
11111111100111111011110111111111111011111111101111101111011111111111111111111111011111
11111111111111111111111111111111111110111111011111111111111111111111111111111111101111
11111111111111110110111010101110111110101111011000111011111011111111111011011111101011
11111111111111111111111111111111111111111111111111111111111111100111111111111111111111
11111111111111111111111010101111111111111111111111111011111111111111111111011111111011
10000111111111111111111111011111111111110111110111111111111111111111111111111111111111