950 2480
931 761
830 232
104 115
782 79
487 593
454 571
236 650
879 238
455 936
576 930
757 88
705 437
707 866
671 199
529 871
654 947
694 108
167 371
10 468
462 789
160 3
878 413
555 880
347 64
612 700
441 542
82 655
698 735
789 191
174 72
599 434
343 414
257 503
376 4
86 41
909 711
899 720
59 9
496 941
483 408
246 611
671 774
342 699
642 8
107 565
41 265
459 54
460 325
608 713
628 332
484 54
585 927
103 796
609 436
865 383
573 166
886 275
464 458
374 763
379 626
53 168
259 571
54 403
224 208
404 123
299 280
528 563
712 613
105 601
570 440
38 650
554 676
79 443
206 339
281 56
335 672
814 17
250 226
158 171
256 191
276 178
158 314
734 853
809 885
369 491
903 935
461 912
192 785
866 543
450 108
89 578
669 642
110 393
925 552
159 494
756 298
299 219
122 775
12 183
695 345
371 134
753 10
49 747
358 384
107 61
149 348
866 930
758 267
427 204
569 491
185 498
630 652
833 430
833 17
246 78
380 942
390 356
780 609
412 523
489 738
732 298
130 500
245 618
391 511
546 633
292 541
385 149
483 726
874 456
653 686
124 732
916 202
58 645
76 228
632 151
355 935
936 539
468 59
257 726
150 753
671 305
785 950
349 209
26 82
100 395
167 415
601 861
655 440
623 57
552 257
181 513
898 309
735 677
81 863
772 444
301 850
675 883
217 866
646 519
305 480
507 193
493 529
774 601
429 903
81 121
796 347
445 366
302 201
838 570
824 20
736 577
241 808
774 488
80 841
27 882
285 587
842 494
757 102
387 346
12 117
450 573
114 341
94 116
496 419
24 464
280 645
763 682
822 733
74 567
365 244
113 430
44 309
729 671
509 95
808 181
679 754
630 100
506 624
234 675
608 514
663 94
830 367
297 916
464 420
203 389
371 565
688 403
119 109
657 612
552 658
785 453
307 145
57 836
55 849
889 454
245 776
945 63
893 833
860 800
877 354
499 747
283 183
858 212
941 366
720 648
630 293
761 522
501 255
213 742
625 558
86 849
458 585
614 434
941 365
800 820
138 935
604 169
432 459
218 642
96 883
41 606
686 45
10 858
501 17
126 422
144 337
882 150
242 450
813 121
689 43
566 132
861 759
845 936
663 108
758 810
26 19
517 140
467 328
358 228
106 837
38 683
442 662
705 4
712 114
759 580
632 734
870 585
687 107
396 877
741 90
871 715
324 542
74 841
424 493
265 515
782 24
876 805
678 724
54 233
628 796
884 883
778 253
789 757
78 812
258 255
371 772
232 948
836 474
852 252
70 461
370 427
149 493
182 908
582 374
735 48
406 787
874 852
285 291
910 355
930 357
720 704
495 188
906 612
430 441
267 873
253 789
144 311
96 389
759 602
332 442
616 614
764 844
709 2
252 709
494 235
606 65
879 109
519 204
524 537
504 356
364 403
536 172
520 422
667 265
704 573
574 281
747 42
160 128
684 537
463 326
657 569
604 141
629 376
847 689
97 507
943 130
174 382
875 200
582 732
87 541
388 406
190 798
428 586
800 483
216 576
551 244
223 263
885 950
361 809
431 129
914 221
934 343
149 875
920 641
872 709
689 305
456 23
682 586
203 168
518 874
26 739
634 295
375 366
307 515
544 534
652 271
424 457
479 150
560 256
466 393
344 224
34 699
878 605
790 116
686 510
925 393
769 933
246 924
889 808
670 18
402 780
257 76
170 240
372 263
138 786
84 637
93 14
421 675
458 468
154 623
216 904
610 313
325 459
401 349
816 406
584 71
31 121
325 694
363 82
322 202
330 105
828 248
404 346
941 2
887 671
28 496
305 861
680 618
793 704
316 372
278 455
208 655
691 362
486 602
950 724
62 457
652 140
467 379
784 481
454 23
385 426
187 63
745 76
356 288
530 301
288 501
128 500
632 346
135 633
462 731
818 454
125 803
127 3
516 641
757 184
98 263
798 303
86 525
237 623
921 762
8 360
874 375
771 344
275 210
349 751
633 689
626 445
717 478
66 104
673 801
898 658
631 502
481 731
759 232
669 213
902 352
530 637
861 227
20 303
43 307
650 162
742 516
431 162
924 611
508 661
45 498
945 684
416 478
566 938
399 143
820 806
154 500
871 236
656 483
380 713
197 781
878 294
844 466
203 474
186 126
562 424
732 648
130 723
537 17
556 800
463 384
654 230
154 542
200 722
934 763
841 610
776 336
171 396
743 386
526 476
303 402
823 668
720 798
789 796
243 270
193 40
792 356
516 289
312 714
884 80
388 810
735 113
651 411
341 306
90 844
126 205
458 421
477 381
423 741
632 700
392 502
803 181
114 63
184 738
494 899
831 739
145 265
382 864
700 93
206 71
699 536
140 511
675 220
108 638
199 924
554 352
724 269
101 553
619 36
54 881
879 469
22 878
848 545
407 928
505 450
107 729
643 142
755 423
844 565
921 496
546 480
374 684
431 565
293 564
208 463
482 581
467 769
301 842
620 278
820 827
621 235
602 502
280 646
339 878
915 86
76 906
535 251
464 716
28 895
474 40
890 293
418 443
789 237
506 209
236 114
477 876
64 191
926 495
429 84
513 367
824 180
272 273
652 858
196 571
568 185
716 644
948 356
243 801
65 542
743 311
372 756
787 339
309 155
334 871
885 413
927 333
256 392
5 3
23 868
597 591
764 126
252 330
570 118
403 133
810 463
925 323
269 100
916 461
888 658
758 621
66 328
819 923
161 623
436 573
151 101
60 347
650 794
63 437
603 790
252 466
937 596
804 780
436 460
408 650
887 121
113 242
581 68
601 459
732 619
720 317
593 193
799 920
526 309
322 879
731 514
291 196
473 745
296 878
892 74
514 651
417 209
368 801
366 812
9 447
279 492
67 570
173 619
159 106
626 928
690 480
673 420
550 311
868 219
668 249
85 947
35 899
234 203
397 429
515 45
831 410
173 710
669 705
176 699
174 154
897 765
271 174
223 746
564 694
746 305
889 788
893 868
35 411
696 447
669 254
106 812
837 221
72 41
308 138
846 469
414 756
465 14
766 283
139 550
550 520
383 146
55 796
332 80
12 159
820 156
470 188
127 724
760 884
181 754
806 234
742 919
355 266
270 745
191 45
38 467
79 525
200 933
746 144
676 699
420 730
771 649
407 460
228 802
470 343
727 685
415 668
665 319
280 870
333 548
500 276
929 242
14 698
291 732
455 465
558 823
386 341
483 654
651 187
502 20
40 875
740 752
892 110
710 941
253 846
632 659
394 822
854 621
163 607
135 65
865 498
25 609
873 760
349 180
885 475
920 549
584 319
107 480
836 610
612 405
171 217
434 86
644 562
572 692
549 928
509 174
809 179
276 369
425 231
304 74
158 206
752 809
624 126
659 362
164 580
807 231
314 31
434 578
908 144
802 655
535 490
426 452
500 757
467 711
51 123
639 863
695 643
721 268
723 96
600 842
642 627
936 418
4 466
218 68
366 52
557 832
909 279
309 353
437 279
540 450
579 553
802 761
379 485
514 632
911 750
737 681
534 342
670 771
674 917
108 876
325 242
406 552
742 406
11 559
913 911
236 149
453 425
458 734
497 617
280 572
393 694
857 103
661 432
516 792
847 580
521 325
98 654
137 76
891 768
729 528
713 462
660 195
182 342
6 85
318 822
565 714
788 562
533 428
517 599
679 712
850 736
724 471
267 520
497 181
231 86
765 847
144 909
113 296
866 230
337 10
717 748
231 626
324 272
203 673
521 516
115 429
547 888
774 858
329 686
114 664
385 912
558 423
329 575
333 256
561 82
355 239
450 124
213 704
896 724
731 600
440 848
756 609
185 505
401 922
445 482
727 751
379 392
465 841
710 321
361 451
474 892
665 801
82 31
945 464
420 403
473 792
329 544
92 196
75 587
223 457
944 520
501 226
927 337
469 260
327 287
697 96
529 488
72 802
75 479
185 184
208 539
318 380
941 860
709 58
90 650
906 467
493 266
216 657
12 890
623 938
845 454
923 869
393 722
380 838
772 595
173 54
300 391
587 55
934 856
771 710
207 755
516 608
161 739
839 672
536 476
882 815
284 45
314 593
201 485
81 644
656 138
858 513
350 849
518 446
702 299
48 564
922 228
594 406
356 498
856 59
160 920
213 340
317 750
369 310
169 356
383 323
741 86
9 357
157 911
708 766
105 839
128 224
328 557
372 830
763 134
178 743
129 92
512 203
749 811
478 934
150 255
726 49
279 473
155 224
642 231
172 154
371 824
172 498
137 235
543 344
731 671
736 157
365 704
224 444
778 43
543 745
602 352
644 141
261 134
313 667
339 663
840 58
349 936
225 183
689 832
262 618
746 204
347 139
917 336
277 582
902 81
267 7
491 222
829 673
938 531
27 237
212 295
31 888
381 46
117 28
375 560
585 354
330 556
278 671
79 678
834 582
193 295
467 192
785 400
238 796
628 675
27 373
943 323
283 338
604 483
258 770
704 393
323 600
271 503
292 147
312 764
614 458
657 360
337 660
50 272
724 237
783 2
584 222
879 579
80 321
504 653
925 301
571 227
238 93
419 645
223 129
525 889
766 66
218 578
550 835
115 76
890 519
377 483
340 209
123 707
160 311
414 70
184 8
94 64
544 819
587 698
872 630
464 82
634 729
867 19
324 259
199 65
937 661
455 550
576 568
332 217
12 870
337 162
145 474
569 527
218 589
127 565
719 282
258 668
704 65
275 250
118 663
90 705
691 390
415 681
326 479
809 636
3 351
83 771
706 345
492 762
485 663
650 415
21 789
461 792
332 208
575 148
309 858
660 547
536 188
629 97
352 499
922 508
677 256
766 881
639 24
548 406
610 664
113 80
9 109
816 619
229 522
880 520
348 22
23 67
478 881
411 587
85 528
379 648
241 306
591 939
835 224
285 935
15 490
625 223
680 73
241 632
257 499
292 11
598 266
800 189
855 295
253 497
272 656
573 371
791 316
290 921
900 852
26 755
377 669
621 386
469 544
494 236
128 825
310 922
3 594
781 466
512 4
159 340
897 672
71 904
148 622
496 396
307 817
367 470
862 150
402 39
100 822
337 634
412 76
678 260
830 757
245 33
837 440
52 906
879 806
695 501
496 52
4 21
79 942
670 614
638 411
787 838
101 206
835 793
643 688
497 849
687 86
302 176
911 931
640 851
92 540
20 203
518 190
442 575
946 127
325 899
514 411
536 105
665 651
337 135
912 936
196 78
845 871
592 277
597 108
597 679
763 348
398 169
177 882
287 107
509 882
330 49
613 364
581 718
880 564
112 654
893 27
709 841
208 70
809 310
812 216
25 186
486 283
914 278
786 85
481 920
506 408
218 627
486 426
627 770
638 756
119 460
101 65
66 538
140 297
107 166
53 345
916 44
365 738
132 499
849 293
744 800
265 214
874 588
545 740
950 720
949 36
542 349
384 191
217 414
617 825
530 928
112 478
353 273
722 561
699 920
688 519
450 488
837 582
17 352
624 456
110 583
418 308
225 806
300 542
27 894
138 736
177 496
657 475
306 724
93 406
204 468
598 177
643 525
378 419
336 754
378 222
613 310
885 561
372 484
337 718
49 561
730 47
747 903
342 185
882 930
331 770
188 92
688 34
816 57
108 849
609 544
839 537
131 932
61 880
251 379
852 26
339 321
887 547
331 733
464 169
336 219
101 154
600 162
139 229
126 146
491 787
845 704
133 106
905 468
35 733
786 772
934 404
809 459
338 895
279 571
655 943
16 742
254 129
309 199
790 823
350 291
152 923
815 352
391 759
586 910
643 6
374 724
177 371
234 552
934 650
225 623
318 668
502 786
917 914
779 235
449 716
74 355
804 292
490 211
725 944
139 399
653 468
341 839
14 8
238 49
690 457
320 179
619 553
756 488
131 688
120 544
752 907
454 317
676 705
920 720
781 366
175 648
185 904
795 784
44 181
542 588
619 657
698 669
222 406
156 670
226 502
62 319
201 665
879 378
901 612
352 64
425 270
8 290
427 542
945 221
374 593
566 421
930 906
146 519
350 767
186 945
875 660
653 585
495 280
930 729
357 179
799 44
932 643
480 706
812 835
846 688
430 330
75 354
810 300
102 728
33 295
825 835
311 775
534 661
756 176
99 505
247 209
105 680
72 362
148 733
333 381
66 344
56 681
330 559
361 202
789 112
635 121
328 876
169 680
721 446
759 386
787 233
641 359
552 923
574 728
440 71
128 664
950 719
129 164
866 864
43 474
47 100
602 749
198 719
826 15
865 56
96 853
133 741
320 601
463 323
302 729
906 47
698 453
882 294
24 759
84 78
675 613
215 339
15 374
903 445
383 498
422 348
668 540
558 487
119 290
879 228
292 130
940 424
742 612
874 286
782 549
947 543
471 598
593 468
949 657
72 891
71 296
38 549
103 153
355 118
1 623
899 640
203 58
336 890
764 519
353 9
215 772
932 234
116 341
116 767
762 323
49 436
909 379
655 188
655 281
898 610
512 341
862 761
801 152
819 553
732 798
548 947
229 207
161 682
336 514
109 180
219 297
516 321
884 699
777 813
873 820
233 661
1 24
431 735
776 637
800 777
324 432
127 289
864 278
845 279
208 287
372 117
155 210
538 401
276 168
891 483
854 725
670 934
341 57
288 608
884 723
273 508
772 584
365 654
466 588
654 783
896 319
753 922
415 788
496 397
332 86
133 3
26 79
748 718
693 384
930 415
154 382
429 403
87 589
793 459
196 612
712 277
89 716
809 203
477 642
896 705
83 740
449 612
947 450
306 787
917 875
554 855
904 890
566 56
568 711
114 219
459 35
243 261
863 276
67 841
212 745
751 101
456 133
368 594
168 196
521 506
153 363
462 415
304 895
140 679
605 330
515 683
850 371
309 888
563 546
83 749
120 353
692 484
584 890
569 63
949 499
791 330
746 947
28 790
71 848
776 671
661 656
354 238
854 766
714 606
328 119
899 439
465 639
359 773
929 585
277 344
478 571
31 201
69 6
623 277
224 646
405 4
47 388
14 130
588 727
845 65
901 868
227 77
523 648
307 622
256 80
404 179
528 725
246 609
767 107
143 70
902 481
8 256
104 233
68 588
146 553
590 675
167 264
868 862
797 177
840 877
115 238
867 360
903 147
119 782
30 478
805 765
807 130
378 416
381 555
59 868
320 661
709 604
525 639
36 778
917 314
709 56
50 45
178 502
414 495
612 465
127 335
100 13
232 883
583 927
487 924
576 919
167 29
674 518
582 619
641 656
715 508
56 26
521 573
743 426
908 893
529 112
748 124
197 258
159 607
132 38
563 945
488 415
16 476
458 763
566 837
186 586
500 689
112 63
99 908
918 12
49 501
360 403
508 590
509 227
554 480
738 78
482 701
690 899
487 684
805 204
941 71
485 801
625 14
426 582
149 729
77 844
323 897
568 410
677 859
162 711
916 860
337 410
197 190
14 924
73 480
183 688
666 87
617 54
488 566
301 144
947 824
812 477
948 905
698 868
916 456
242 616
829 239
354 132
525 641
858 622
50 611
269 824
7 712
419 865
334 155
245 393
909 691
269 649
182 362
718 584
595 818
455 676
431 324
260 918
891 127
857 131
820 49
897 373
899 121
756 217
524 858
751 486
224 873
780 168
852 430
768 373
492 315
792 382
661 299
83 878
84 202
678 859
743 462
291 822
105 340
913 512
492 291
258 727
370 112
817 871
779 461
110 936
572 754
846 465
451 385
795 692
291 646
265 520
195 161
732 355
177 751
849 302
667 921
869 717
798 715
506 485
824 397
385 619
817 843
830 68
198 262
453 6
850 786
886 179
427 257
908 126
620 363
219 585
238 264
774 520
207 365
451 823
344 662
343 893
53 360
347 583
663 174
890 832
321 509
531 670
771 25
921 881
775 347
228 4
549 857
666 551
169 5
685 927
47 561
412 242
233 571
894 495
218 762
904 266
460 659
486 216
18 693
312 949
302 592
219 467
80 448
278 679
299 411
268 60
868 927
236 648
570 687
226 105
595 669
378 585
750 710
197 590
808 798
904 305
778 867
397 183
511 658
811 648
477 436
375 713
362 53
418 399
800 716
694 246
588 935
479 342
279 405
305 631
291 123
297 817
813 418
392 108
302 164
892 215
202 88
940 368
707 560
257 918
611 191
685 708
100 392
872 469
351 415
235 858
1 806
540 25
722 916
746 136
72 770
474 922
102 162
874 155
450 825
678 881
437 557
245 444
850 160
482 390
372 601
47 802
35 417
454 671
648 858
898 663
41 413
810 533
372 712
764 557
16 18
187 532
23 394
83 743
102 799
855 866
699 734
82 158
908 488
782 267
939 288
126 47
481 453
809 162
755 413
390 949
854 740
565 895
720 248
472 347
407 894
105 436
413 403
489 450
911 835
775 657
493 506
461 721
101 570
63 503
928 671
581 827
452 916
567 504
769 532
717 641
442 142
278 311
745 916
358 884
890 87
485 231
656 541
327 83
294 920
498 114
688 142
691 865
375 792
691 139
468 859
902 810
163 716
366 453
649 309
721 488
378 517
658 182
75 341
886 575
741 349
226 433
212 471
395 529
213 890
101 79
618 315
909 947
324 213
380 455
509 79
934 496
845 64
224 630
116 524
585 456
615 209
571 947
76 146
575 375
51 897
68 97
305 401
735 627
915 552
192 915
46 600
857 300
421 374
78 297
944 370
852 347
340 122
570 193
403 218
645 551
538 611
406 560
833 196
406 613
343 449
54 924
390 114
488 289
490 461
522 373
498 838
819 746
860 696
535 900
846 25
757 442
173 89
600 507
249 659
79 450
948 11
607 865
381 780
420 57
785 909
280 278
375 231
895 523
542 466
21 513
254 497
138 402
335 70
652 162
198 518
743 24
71 678
900 347
577 498
577 549
232 530
34 622
455 2
205 822
115 306
409 836
786 688
266 272
158 841
52 257
715 150
464 850
873 440
452 317
331 286
689 286
447 506
877 625
563 733
75 462
754 594
222 371
711 309
199 762
310 470
614 158
834 128
107 21
626 350
81 754
460 482
797 519
448 943
239 609
315 49
87 639
290 615
276 249
668 368
301 143
730 892
802 65
659 111
882 147
576 735
900 18
262 149
47 540
221 793
274 341
204 73
317 209
197 363
301 595
246 177
806 197
497 677
521 416
805 73
174 36
356 911
187 427
461 414
282 397
693 600
303 625
575 866
880 912
700 235
243 167
261 460
190 482
227 372
176 348
893 758
616 712
200 743
921 552
120 671
47 765
429 769
919 922
804 339
396 800
589 622
700 412
168 245
367 831
632 420
872 499
906 830
128 200
677 316
314 690
705 120
870 935
156 816
341 662
587 124
471 578
292 237
336 506
686 494
604 179
693 654
256 512
521 910
756 374
633 895
937 356
62 664
946 55
859 937
475 751
518 586
484 314
583 447
611 407
110 803
133 739
195 653
490 720
567 310
438 592
679 562
188 15
852 230
502 427
421 332
532 816
477 700
797 446
29 84
535 64
939 85
823 836
895 486
591 276
404 482
617 566
778 889
926 598
72 893
629 332
854 788
33 441
348 634
734 692
240 168
646 736
205 272
762 805
11 660
599 442
268 752
565 326
533 519
934 133
682 418
459 208
726 374
655 707
655 373
776 711
57 926
103 663
586 703
515 290
517 639
761 197
444 247
282 214
428 89
105 311
745 171
844 624
702 883
764 370
805 875
258 555
426 18
745 618
286 400
303 530
347 73
866 762
284 606
451 352
415 654
182 240
724 883
894 39
894 297
878 843
537 605
314 48
596 434
552 624
824 136
473 913
95 923
294 673
817 810
737 733
133 291
468 854
572 822
739 574
278 585
602 295
471 88
170 126
872 663
513 452
510 468
341 88
658 640
523 201
138 364
570 164
92 251
863 633
667 329
43 108
279 761
912 939
893 903
345 657
604 907
679 486
312 688
205 634
761 58
215 667
804 352
220 710
81 8
337 467
927 388
750 793
99 701
902 539
666 158
190 261
45 179
213 594
14 669
218 82
810 516
461 632
188 912
616 374
215 465
892 22
933 143
899 700
86 917
594 31
64 168
687 303
620 437
160 379
343 741
736 730
276 223
355 265
342 710
156 542
293 525
99 754
247 474
708 856
1 769
458 898
441 875
481 918
118 731
412 60
305 481
159 785
755 756
537 347
260 120
193 801
34 487
141 513
950 354
128 469
495 729
706 75
228 78
763 6
506 37
622 282
879 90
386 808
772 533
777 678
514 83
411 727
323 940
950 637
159 649
308 642
883 941
576 71
454 672
281 109
63 493
428 337
566 769
937 825
934 805
57 759
652 494
780 192
489 809
403 665
722 508
886 413
462 515
836 738
943 670
179 510
91 352
751 123
418 445
274 931
39 602
941 484
719 355
639 76
566 292
307 418
606 927
844 784
722 213
430 849
113 714
221 212
849 523
78 312
208 823
531 630
309 108
628 548
215 299
702 779
577 168
410 234
156 753
340 367
626 545
384 264
320 633
32 429
837 685
34 74
347 612
810 794
777 946
27 540
300 871
105 359
103 724
487 227
513 579
308 950
475 174
702 500
884 511
30 606
758 623
559 63
87 573
266 207
428 946
32 560
252 97
218 49
201 95
258 14
204 905
387 334
79 732
409 622
726 200
265 612
553 518
387 714
261 362
281 241
887 682
561 743
799 580
732 214
594 284
813 115
602 364
344 404
166 253
725 98
765 865
877 796
752 576
329 337
294 705
7 226
770 25
1 663
644 338
576 696
434 942
116 11
228 686
895 601
605 594
862 568
611 366
479 811
915 463
233 693
911 350
74 10
143 192
904 392
5 698
105 56
947 404
318 692
190 585
718 209
696 794
518 237
669 335
928 567
582 275
88 190
2 831
683 812
103 389
892 833
161 636
254 382
788 357
55 294
506 186
234 327
60 841
894 406
366 647
844 358
524 945
913 464
6 862
292 416
369 325
370 589
540 222
247 380
106 83
825 519
221 855
170 334
740 376
129 950
407 155
100 927
175 474
568 638
823 478
860 580
919 538
727 802
821 95
843 699
326 941
510 94
540 166
27 470
834 391
764 415
250 206
487 378
657 499
158 773
450 834
235 728
823 109
772 606
917 472
289 859
867 514
164 443
620 37
24 594
223 146
318 788
9 547
212 30
657 127
347 235
314 618
612 194
133 311
