873 1107
269 534
545 706
534 98
592 37
851 390
541 787
211 551
794 426
536 293
304 610
718 812
672 715
404 873
19 581
59 264
182 1
487 317
682 419
541 357
134 709
34 412
324 333
43 655
556 557
706 94
258 407
791 411
679 162
107 405
384 713
176 661
630 289
631 429
26 595
782 189
811 429
226 647
441 107
498 228
152 134
391 81
538 629
23 873
791 428
817 758
387 787
785 119
341 39
185 534
499 299
202 100
165 772
3 185
656 842
171 670
290 415
120 198
72 747
551 839
165 211
568 721
614 599
747 142
82 594
171 856
282 806
280 191
560 496
222 431
83 598
740 147
676 104
200 374
438 570
16 566
210 701
449 649
244 207
468 548
513 148
94 75
283 250
803 281
834 492
765 552
861 681
680 817
239 555
268 401
388 630
395 824
434 851
228 254
777 474
219 599
376 9
641 835
283 827
738 457
118 662
490 662
570 854
124 201
447 58
346 258
328 777
577 851
463 167
790 326
797 814
143 88
145 848
828 6
752 625
338 685
164 156
497 764
323 480
147 199
870 618
837 658
577 292
845 636
177 150
355 398
801 461
699 7
453 225
584 225
741 565
75 871
190 290
437 608
175 628
751 611
126 798
15 342
15 257
84 809
135 369
377 706
15 19
166 241
90 236
319 554
372 781
133 343
612 230
96 589
541 65
508 648
148 348
372 91
491 462
357 694
18 254
402 214
62 512
466 377
326 164
636 841
765 352
570 78
378 839
278 554
400 45
155 482
383 42
781 299
350 289
856 744
687 695
852 35
679 588
41 198
111 473
454 757
13 782
563 642
512 16
580 313
555 590
22 476
356 159
550 743
182 512
869 776
863 609
572 709
864 518
84 89
4 819
101 715
679 603
695 54
43 131
127 369
84 394
846 202
106 821
666 233
321 461
355 428
561 624
159 672
841 696
87 48
256 602
772 147
405 1
651 489
541 586
836 23
526 743
286 824
128 70
301 807
699 822
261 859
806 407
77 543
278 736
115 117
81 264
17 235
5 101
715 229
826 840
840 54
717 4
718 178
388 731
698 60
587 192
759 61
49 870
811 530
792 526
777 492
130 348
387 738
774 669
582 391
572 555
685 113
269 554
621 613
411 749
38 163
94 28
512 715
189 642
297 753
123 190
123 808
423 203
388 447
602 50
516 30
587 326
756 557
827 634
104 152
657 678
752 121
797 168
247 353
420 145
806 617
683 739
525 529
158 708
622 147
545 703
284 590
736 329
507 383
378 815
622 233
304 871
479 17
73 563
239 376
556 334
498 258
179 436
582 714
581 338
110 187
290 22
469 774
18 577
405 176
272 750
765 379
583 290
157 763
651 487
688 619
605 253
728 401
557 537
43 610
592 642
205 57
703 497
432 662
664 803
588 276
271 135
406 797
359 619
151 24
83 779
341 824
309 213
670 491
442 789
562 158
180 662
684 242
443 114
100 356
210 484
546 705
494 872
214 819
213 809
835 82
25 187
298 507
166 338
106 539
652 535
543 448
249 809
56 607
395 205
396 354
614 169
349 626
16 708
514 801
679 653
294 287
657 193
624 321
79 484
374 834
156 468
484 566
260 117
523 285
774 339
768 416
636 491
215 849
250 512
743 38
294 320
215 393
560 801
393 445
852 412
339 652
248 38
329 114
337 54
606 306
564 143
736 641
597 825
456 706
742 733
587 841
117 29
374 51
625 483
814 429
265 580
483 671
20 441
469 492
232 208
565 523
352 131
345 407
437 846
262 100
858 181
177 852
56 690
464 735
861 371
334 691
537 86
149 183
203 700
319 602
459 93
79 198
254 799
40 111
614 860
796 461
501 410
220 857
656 466
600 617
421 292
209 331
112 785
119 277
40 705
856 251
236 492
366 494
2 612
620 690
636 79
178 502
858 843
647 369
354 79
579 71
131 858
534 106
23 856
223 798
82 407
184 670
85 675
847 633
297 181
546 437
505 319
160 813
97 465
743 435
522 667
211 173
815 133
112 237
30 237
612 320
752 742
457 387
330 580
414 821
334 272
371 314
676 772
422 329
597 616
637 555
728 761
37 111
624 442
608 799
288 201
626 693
256 466
255 192
360 388
433 498
377 861
90 422
36 230
814 652
329 533
373 284
732 9
656 34
804 784
642 258
586 61
851 30
25 660
521 575
92 13
70 241
123 73
520 869
299 851
466 854
778 407
457 45
412 202
252 265
367 490
113 514
499 367
672 843
504 23
143 787
577 384
220 523
377 234
750 379
35 793
756 842
52 181
54 721
437 130
156 118
103 345
269 305
632 611
77 455
101 602
738 369
721 2
629 454
627 289
358 753
422 453
731 619
526 171
682 102
63 203
492 77
599 278
868 558
115 795
282 488
392 356
251 548
354 578
253 398
802 632
380 620
796 83
324 93
201 611
660 633
563 211
351 530
648 524
210 239
57 248
208 584
530 731
655 447
479 198
828 290
677 456
818 626
564 114
167 790
303 709
718 456
42 674
93 860
123 414
541 350
705 59
362 146
564 317
147 320
735 797
848 442
92 635
133 476
656 280
275 187
645 28
18 458
185 784
819 92
167 410
519 699
196 15
750 487
796 849
762 9
622 748
754 83
522 839
729 335
22 7
322 110
773 66
121 427
851 275
398 324
211 125
824 433
767 848
267 194
154 694
315 460
847 257
156 13
175 133
238 714
51 861
450 418
332 861
655 467
540 775
10 835
30 845
23 107
838 506
424 727
140 850
584 716
434 68
125 512
483 661
119 340
32 133
494 768
80 552
38 54
196 255
67 753
759 88
98 190
863 599
775 52
702 673
538 654
263 224
457 350
350 782
486 191
708 559
501 823
523 668
179 283
560 380
844 98
210 368
670 241
589 72
783 804
723 788
759 231
136 495
828 568
718 779
811 682
838 754
187 654
516 659
24 78
436 53
466 376
170 333
427 307
727 52
63 827
182 122
732 33
514 591
178 170
265 844
55 751
632 254
181 342
13 57
484 399
113 414
108 421
677 222
106 270
668 142
702 822
822 277
478 747
709 548
191 797
45 642
564 387
610 745
426 103
135 70
21 328
26 76
260 77
668 322
322 141
215 448
72 850
129 604
254 62
69 278
34 280
748 700
792 405
727 281
769 661
133 362
500 182
749 718
734 745
534 463
569 441
553 234
555 567
795 293
610 209
818 693
227 667
864 60
670 795
799 140
84 566
190 181
639 201
667 440
516 754
782 18
334 45
733 295
609 165
350 496
511 738
314 615
638 537
229 87
302 375
264 15
129 384
564 525
145 531
625 432
43 14
398 764
467 282
585 150
417 664
601 780
711 307
536 143
231 63
562 9
67 714
369 301
811 146
167 445
560 769
734 256
461 566
664 474
91 161
848 351
150 749
518 166
630 847
458 85
376 335
449 210
540 161
96 447
446 404
440 545
43 687
360 507
271 817
121 425
51 835
336 267
736 533
535 737
732 759
170 426
753 225
190 476
473 224
171 209
600 646
160 72
431 728
292 639
318 626
181 553
844 22
288 567
116 720
539 183
668 703
765 808
703 324
298 675
346 861
767 293
716 100
668 294
534 51
9 482
655 710
263 447
284 27
606 478
753 667
648 733
839 701
399 720
44 234
756 237
833 643
310 541
835 98
641 730
468 555
556 613
81 258
48 774
829 590
370 360
28 135
111 609
273 622
600 340
731 576
559 662
773 144
48 803
611 653
173 218
121 448
461 144
806 419
731 504
389 58
764 763
8 177
89 419
575 200
548 67
355 577
861 170
773 525
26 713
175 715
613 468
363 513
789 613
608 351
607 692
322 24
328 123
97 299
715 685
449 693
843 785
57 868
599 739
421 849
772 591
661 759
315 333
197 526
209 277
114 134
139 468
418 524
106 769
848 532
850 223
447 451
580 831
648 293
282 829
782 246
16 326
487 686
325 287
412 305
860 830
203 441
809 143
373 534
210 88
30 72
282 9
206 792
498 720
74 661
496 207
390 187
321 157
230 784
596 635
818 490
646 787
697 858
531 722
72 176
500 515
808 87
653 835
334 51
413 410
740 228
802 502
740 846
159 351
649 426
790 343
671 130
810 535
119 728
305 530
47 140
411 601
385 652
427 501
647 56
247 855
599 418
110 88
569 525
259 284
570 676
139 526
368 46
78 397
845 255
679 182
137 44
526 75
251 752
54 121
805 671
324 457
418 143
365 633
693 727
315 263
183 162
336 370
307 441
599 498
594 61
153 783
254 68
467 693
316 185
617 601
407 537
749 513
320 448
275 796
179 678
459 457
638 87
247 66
273 513
483 776
328 178
783 169
678 378
405 18
862 568
7 322
808 760
603 590
278 534
651 8
59 719
122 54
550 573
128 295
73 624
536 813
80 766
85 337
4 575
291 133
741 637
109 309
296 292
42 511
250 15
157 540
486 328
220 338
732 80
144 33
867 456
67 255
342 376
133 666
195 317
199 636
529 400
580 788
45 685
305 197
475 314
107 153
147 636
743 124
531 208
297 873
840 671
617 318
564 742
799 322
551 689
214 427
657 301
540 544
230 26
294 664
839 563
540 177
399 786
777 534
263 455
810 274
763 135
101 53
391 689
132 821
214 508
425 622
230 698
63 441
505 572
47 172
856 605
742 774
184 390
677 162
602 515
347 179
450 426
228 442
578 525
98 182
36 86
286 69
48 372
223 382
807 349
46 695
609 865
222 550
633 842
756 215
274 244
536 615
617 655
308 597
669 138
108 295
325 536
846 568
860 365
495 326
835 860
762 740
185 719
570 45
442 230
596 849
391 823
454 294
629 718
230 516
79 374
295 789
801 566
365 77
649 486
569 33
358 697
151 271
250 533
368 428
604 391
784 333
67 603
707 613
552 697
781 310
42 632
839 833
269 622
190 649
853 471
309 861
288 401
292 602
475 6
64 830
681 69
535 422
778 182
787 715
387 251
605 18
164 672
665 557
108 429
655 739
290 65
851 281
433 150
235 14
796 256
825 405
674 443
