1000 9882
929 245
472 584
215 912
403 26
907 730
110 41
863 661
692 259
601 269
713 872
18 334
184 26
658 382
750 232
151 991
964 718
507 813
92 885
311 661
94 287
384 899
557 841
502 96
69 579
360 601
731 634
205 927
181 597
117 343
407 23
156 789
468 39
485 975
57 712
339 818
789 695
362 497
325 779
39 889
373 31
690 243
528 730
567 539
1 638
109 757
404 621
334 746
9 253
512 878
303 693
876 281
589 848
489 514
918 82
244 147
939 981
338 168
671 894
413 666
589 691
433 68
396 328
22 502
832 782
651 450
728 719
756 229
6 922
408 181
690 311
563 575
487 751
239 382
148 558
390 404
849 367
902 499
765 179
162 94
314 261
850 851
941 680
484 85
30 89
659 395
756 345
212 831
428 396
927 634
770 36
290 365
816 405
659 922
694 770
915 211
129 602
798 892
150 322
233 542
694 701
237 62
829 666
651 586
545 195
489 857
316 930
632 803
27 305
464 629
171 532
772 125
131 271
424 259
995 76
778 554
820 353
14 472
767 847
477 770
559 196
47 16
456 515
992 693
994 31
631 854
762 35
84 11
491 251
204 732
245 56
83 469
753 114
659 113
254 302
314 643
206 397
226 471
58 652
865 244
840 470
235 284
844 882
645 879
707 646
616 977
475 346
862 602
149 21
708 356
323 798
927 250
239 146
505 903
452 201
112 926
441 184
519 461
924 675
891 899
889 570
655 573
309 497
935 285
962 413
923 897
543 360
871 591
21 670
958 849
861 551
617 209
581 566
30 452
264 136
366 476
61 562
243 403
47 515
963 906
674 235
346 904
754 61
919 719
167 170
542 306
468 667
843 59
894 993
808 728
989 979
4 965
686 408
70 578
17 342
697 276
881 23
990 883
460 406
373 659
394 868
382 707
790 698
80 385
905 368
31 706
307 426
204 994
209 956
619 965
435 270
168 115
921 603
481 476
82 282
179 789
217 458
164 199
135 960
145 487
11 636
178 487
82 146
269 828
809 287
816 314
187 415
614 474
282 441
11 717
126 128
951 337
865 16
150 240
245 318
357 447
358 119
486 56
380 539
589 745
850 215
465 371
767 274
219 780
76 659
817 119
430 578
417 353
305 793
367 678
916 20
68 771
185 6
803 437
551 531
879 390
955 486
668 877
204 696
689 270
485 163
720 420
885 642
452 677
416 261
28 462
835 2
546 83
450 60
532 34
533 343
845 485
996 23
209 323
393 132
322 98
971 339
156 901
945 457
961 345
17 673
289 452
14 118
4 733
100 913
895 982
880 373
532 614
250 400
558 738
9 161
670 684
415 519
255 452
58 768
203 361
779 800
834 397
728 184
601 430
909 477
213 816
731 831
537 982
814 298
407 976
447 775
527 963
343 982
588 755
184 665
447 980
985 631
135 938
891 546
395 825
982 991
354 476
2 125
296 834
206 453
687 382
262 442
896 512
664 540
276 354
59 82
922 220
390 286
324 22
828 646
63 907
102 999
283 795
31 425
79 445
530 991
33 349
894 274
239 59
331 846
963 151
565 759
638 791
161 241
931 501
327 548
210 104
536 483
849 44
794 935
29 954
74 773
114 2
42 295
351 307
15 488
364 702
772 725
920 864
299 301
341 218
986 225
109 398
365 36
555 124
69 800
431 457
507 191
806 143
722 886
800 980
947 871
929 816
144 520
442 869
577 230
868 291
109 18
356 543
361 883
416 860
730 216
339 836
856 474
77 414
41 178
334 969
300 681
946 247
343 773
198 8
515 854
292 453
67 863
49 760
931 742
967 176
787 650
93 239
844 617
258 68
26 216
639 164
624 195
952 698
239 554
833 209
774 739
496 598
867 553
498 793
581 251
728 801
413 665
767 192
167 726
733 464
876 590
620 934
15 874
854 831
828 682
225 475
245 520
667 371
730 616
512 683
529 515
732 14
471 90
627 224
78 934
700 551
704 535
449 632
897 144
826 54
2 564
3 885
703 748
959 374
90 237
272 786
424 825
945 573
450 245
660 32
590 289
169 523
7 971
588 258
56 625
547 54
575 4
78 612
850 517
195 712
34 726
80 376
902 975
880 419
319 683
270 37
473 95
972 135
33 327
260 27
356 428
213 37
749 51
683 845
903 916
914 222
100 937
31 745
735 159
717 550
386 832
621 153
856 438
344 251
442 603
745 898
304 584
109 583
724 484
838 36
736 570
753 636
700 93
3 247
611 874
382 79
723 804
726 667
656 155
273 164
201 50
899 305
146 752
605 201
877 485
395 190
747 376
978 611
145 964
2 839
42 808
7 474
10 330
999 294
345 425
21 74
280 972
305 399
665 479
794 765
134 106
686 455
252 143
200 306
479 928
390 147
638 815
803 758
25 602
590 154
695 557
879 176
807 183
664 447
425 397
599 957
216 518
416 216
950 645
357 77
812 670
652 971
63 276
749 245
824 180
783 604
590 479
501 476
263 871
697 283
271 360
882 809
521 69
692 592
389 925
907 848
88 798
605 839
326 360
971 101
633 518
226 948
482 42
155 112
752 148
697 757
981 181
141 14
40 191
849 959
795 49
562 284
785 251
252 870
681 442
886 493
598 529
362 345
336 820
46 87
116 335
624 267
73 27
220 222
662 941
205 526
421 977
171 898
119 968
339 184
893 737
306 403
861 67
20 741
681 741
659 774
552 342
25 250
499 47
375 640
909 606
641 384
385 194
379 562
189 485
615 395
802 228
363 998
258 914
874 597
747 672
915 812
902 218
711 622
603 97
439 184
846 903
65 914
673 83
639 920
677 699
717 170
887 222
178 610
105 514
234 934
937 471
356 476
360 582
428 778
325 610
255 737
554 104
348 25
986 991
491 279
843 122
407 629
130 739
540 58
902 689
355 292
875 429
587 113
145 38
992 655
107 212
786 297
71 305
164 149
370 958
792 938
780 335
988 76
891 692
896 884
269 974
541 674
882 801
987 674
163 292
218 953
576 27
685 471
748 377
567 983
948 843
307 41
278 838
350 169
727 685
72 16
220 81
811 670
987 497
219 875
58 423
557 850
764 517
50 515
159 359
791 691
328 929
456 246
954 93
828 630
243 14
779 90
543 13
546 291
103 522
73 627
955 381
81 40
483 620
390 200
671 361
638 788
695 375
416 834
369 373
846 193
355 678
546 488
138 128
836 319
416 290
270 445
280 337
337 864
484 913
787 386
359 554
191 670
342 130
915 38
613 781
373 552
355 21
963 722
45 377
143 452
271 307
166 47
648 826
612 203
613 670
906 947
48 842
267 557
130 596
331 253
938 943
173 658
688 698
840 913
892 442
100 227
905 399
86 464
459 750
120 598
874 707
107 259
813 612
61 287
236 431
193 399
306 230
110 992
917 582
741 770
597 814
304 395
178 428
550 732
594 996
26 72
317 599
429 125
268 189
549 284
93 944
742 263
397 801
395 2
313 15
966 703
642 1
646 955
542 638
449 861
729 809
966 718
772 947
461 910
278 588
147 9
46 728
949 905
807 479
43 306
730 536
488 131
16 618
881 604
257 368
747 682
299 221
509 915
730 651
358 632
17 812
125 882
726 284
410 936
380 119
953 25
134 165
483 358
513 833
200 580
886 568
908 802
959 164
467 730
492 624
501 455
707 292
981 973
661 736
262 835
807 833
994 328
687 671
657 920
198 312
844 458
442 774
208 620
347 851
973 699
775 530
915 151
32 841
485 993
421 329
114 973
226 243
959 713
946 152
587 581
107 156
821 744
550 286
370 966
867 358
559 36
466 309
191 928
235 240
992 917
426 967
982 772
884 786
901 499
173 203
376 41
72 802
288 879
330 486
278 782
816 417
870 244
541 908
949 715
987 392
624 462
258 762
421 798
261 713
646 219
543 167
358 427
470 593
716 857
946 536
797 568
46 756
33 683
859 867
422 551
9 386
105 233
219 113
8 582
368 268
673 852
233 845
108 847
345 395
642 553
422 257
115 305
636 341
215 858
933 667
554 498
167 215
668 600
685 534
548 52
113 897
494 262
276 957
136 200
65 806
561 665
303 356
161 267
748 615
327 418
170 491
852 515
375 438
105 694
125 683
556 555
61 899
83 951
763 41
551 352
809 765
169 34
316 823
536 931
709 952
236 126
257 647
476 525
706 378
486 754
197 357
109 921
740 525
407 974
361 612
767 468
397 790
531 69
559 56
600 7
84 920
16 456
988 438
420 442
495 614
904 615
923 261
690 8
948 880
535 144
757 480
280 668
577 666
103 178
571 356
612 856
499 385
923 547
338 1
681 577
999 500
858 760
250 725
957 30
715 901
666 195
228 976
689 34
357 180
68 57
770 293
755 993
215 171
402 516
332 965
349 929
271 987
831 493
464 213
377 268
347 128
755 63
392 385
856 870
252 3
953 224
994 972
521 420
439 705
626 531
134 369
878 170
627 358
867 980
817 642
359 851
548 822
476 941
555 18
8 303
762 562
102 835
229 543
216 402
643 759
290 629
807 952
151 948
619 756
412 384
515 561
276 127
597 213
52 862
256 811
847 925
409 492
705 124
83 704
818 693
302 290
947 43
344 242
148 908
978 943
181 641
786 294
145 438
572 379
813 639
410 50
139 592
1000 974
235 43
878 947
460 888
706 608
965 981
490 503
552 134
607 416
794 207
284 826
657 317
141 356
861 53
940 676
614 343
651 475
875 889
14 893
534 116
2 925
846 266
704 367
614 294
267 35
548 176
128 811
704 414
626 739
73 737
71 922
662 283
719 862
152 208
408 122
586 545
988 845
96 317
208 295
424 217
907 497
20 62
295 68
688 224
731 2
734 871
863 513
299 414
872 492
691 944
916 359
593 438
861 382
798 775
322 68
15 27
844 193
756 187
95 841
958 73
27 441
797 213
1000 479
892 213
144 763
215 608
53 325
147 768
662 782
576 199
635 189
32 64
749 77
736 980
218 439
921 838
297 60
649 215
373 841
691 364
265 885
878 642
13 185
714 774
365 614
204 548
334 975
338 498
728 150
430 482
417 897
179 847
110 993
921 386
794 176
151 269
504 251
107 465
274 984
616 873
825 447
234 438
875 980
13 381
325 443
400 782
862 722
810 841
408 265
941 225
46 511
611 703
172 433
618 129
487 744
271 527
453 424
917 505
176 840
124 713
106 460
248 89
567 73
183 320
298 762
854 543
102 784
286 91
876 879
318 210
864 879
295 155
890 995
742 832
376 569
393 822
251 919
860 283
219 389
498 116
536 112
750 49
960 780
132 181
9 208
843 881
191 184
412 187
52 210
695 632
902 618
593 402
673 26
33 187
696 997
289 273
761 705
902 973
468 753
565 141
895 650
193 280
654 764
248 859
648 166
387 154
703 384
725 440
486 580
516 101
772 15
634 130
948 456
566 779
870 681
736 589
952 634
333 965
443 881
248 279
676 966
40 483
439 485
68 401
340 350
931 789
714 111
41 991
872 827
157 709
76 795
239 441
206 178
23 968
690 717
875 833
896 458
736 137
220 26
920 448
224 989
280 863
903 137
483 888
488 962
484 278
603 712
850 42
20 912
599 892
51 826
983 157
510 593
924 557
696 564
169 724
372 641
887 398
733 664
147 237
989 782
114 72
941 939
406 340
846 984
260 475
875 600
372 935
125 25
511 704
856 711
433 650
804 879
200 863
563 448
872 669
855 632
14 8
181 537
990 769
198 138
498 687
83 551
86 430
877 369
819 842
818 865
250 175
507 564
320 47
295 987
222 201
919 253
409 364
880 18
579 648
601 448
297 235
198 86
827 898
420 84
61 326
120 766
585 852
257 977
453 189
314 789
847 109
116 409
903 463
63 690
83 208
983 637
457 779
411 404
828 618
104 560
943 559
747 358
515 364
849 394
266 755
262 255
764 739
690 762
84 605
955 226
354 923
153 348
103 480
983 7
673 902
807 375
573 881
7 879
376 625
926 183
286 648
579 125
742 977
159 705
312 72
403 115
316 656
1000 85
449 497
602 169
87 291
894 945
237 114
807 42
635 710
342 42
209 465
948 76
696 925
643 758
901 178
541 203
544 337
145 250
881 48
117 718
712 297
136 451
100 924
51 240
821 924
147 709
579 582
359 278
183 612
900 412
648 461
959 691
469 419
18 701
828 238
499 544
631 795
724 431
732 626
698 718
182 599
257 908
240 836
956 10
758 154
814 152
219 734
878 803
420 479
836 608
845 247
465 690
653 183
323 556
286 518
197 482
184 822
714 310
823 248
737 127
883 681
849 613
560 912
667 916
858 733
236 704
567 247
146 817
443 357
784 359
215 217
487 596
885 577
723 282
318 706
154 611
484 302
176 247
216 900
233 379
806 887
864 286
438 299
8 944
63 874
621 940
885 867
47 742
727 64
566 198
199 491
721 111
481 770
632 446
85 384
431 756
82 845
254 765
85 369
159 842
898 934
62 3
911 92
324 794
365 178
811 280
596 722
639 668
485 745
108 340
200 919
919 470
244 692
117 674
354 180
463 970
763 208
336 418
779 337
363 302
146 200
30 947
347 841
296 229
518 560
190 641
818 854
344 241
930 840
951 982
88 246
586 349
757 691
145 401
4 125
259 153
279 202
162 950
182 563
37 276
775 554
451 590
110 849
918 86
116 418
170 774
580 529
600 367
175 619
879 519
241 951
718 387
240 590
314 973
921 163
392 911
999 430
693 847
953 754
880 574
93 831
757 328
817 35
953 620
413 952
915 682
323 951
704 618
7 145
745 146
708 34
376 971
772 775
947 913
292 713
890 992
194 811
431 938
659 399
498 117
703 583
712 259
826 279
609 909
911 146
364 669
511 595
350 984
422 453
760 638
941 983
319 839
68 581
566 460
768 307
551 24
579 851
194 495
450 773
967 232
238 988
666 885
578 9
887 49
878 300
990 810
312 717
795 776
388 354
30 827
126 684
364 97
535 714
313 741
353 272
540 124
136 362
728 196
783 392
74 474
862 115
888 522
929 963
288 532
731 888
877 284
10 821
831 934
633 939
425 558
279 351
27 750
121 255
550 766
129 306
811 921
36 199
35 785
407 616
62 632
129 476
537 463
353 702
98 190
232 441
619 327
379 698
380 721
400 521
560 61
813 155
137 586
689 405
50 713
662 448
327 600
589 261
716 456
751 17
632 391
9 354
449 379
868 814
937 734
811 53
977 205
164 809
347 108
152 709
375 3
35 988
164 696
203 146
386 622
96 802
26 697
434 418
991 218
341 497
833 559
326 367
493 726
773 804
361 493
389 555
310 639
305 544
912 584
895 911
329 426
862 220
938 756
499 982
179 232
622 700
272 1000
170 557
468 360
445 373
257 935
350 274
798 960
305 915
107 11
54 566
989 91
538 323
297 567
260 717
310 565
162 623
183 967
903 462
615 960
284 443
563 861
768 627
732 828
954 354
561 843
612 858
849 632
850 211
633 161
263 60
968 410
842 447
456 78
898 381
524 231
563 635
547 94
361 55
185 769
439 908
902 300
704 547
620 655
487 896
570 404
721 864
372 448
814 539
67 114
530 774
290 545
132 574
495 506
674 41
983 17
345 485
417 48
474 3
220 547
15 79
684 146
817 567
17 635
56 223
99 259
890 762
707 448
47 547
229 908
565 34
52 139
968 564
678 707
471 579
384 581
1000 454
496 965
428 886
341 179
36 237
716 481
791 529
494 403
497 349
730 133
986 811
281 901
186 819
961 127
195 931
469 320
108 384
255 371
648 127
852 775
31 674
13 147
400 344
458 34
481 387
636 541
987 921
198 32
700 290
39 848
558 960
905 626
175 368
991 215
715 359
732 994
148 595
336 787
244 132
10 604
652 227
600 148
374 515
554 758
76 973
337 511
979 56
215 506
662 63
689 243
50 943
914 836
228 846
974 236
137 561
139 111
31 405
290 241
201 442
681 992
258 595
989 328
279 843
966 899
237 529
917 197
890 973
928 738
285 358
694 25
552 994
972 731
663 790
280 293
85 542
438 427
825 975
142 191
958 877
543 701
160 826
68 723
877 867
164 786
772 721
574 861
646 190
333 753
523 385
228 409
601 929
873 964
656 878
147 917
227 195
119 81
123 18
623 353
535 963
717 988
749 75
477 879
130 595
856 303
584 232
352 606
518 561
419 426
70 936
753 874
990 105
586 602
666 675
684 102
463 235
467 236
252 826
291 954
808 208
148 785
221 421
294 563
190 491
128 717
71 423
917 579
247 983
465 524
466 479
512 867
50 158
549 136
500 2
466 110
982 878
396 325
14 940
771 787
610 281
211 446
874 130
505 605
434 611
756 226
483 862
582 354
548 214
508 507
290 162
206 118
285 381
488 887
585 431
346 381
684 421
617 990
285 494
766 249
968 176
85 577
357 428
721 57
669 313
617 248
765 400
295 948
570 174
498 197
446 125
160 838
712 403
678 696
535 769
406 119
540 697
480 823
281 778
881 413
164 958
62 60
337 611
952 192
57 924
921 951
593 690
799 946
455 420
203 471
994 310
999 555
632 9
505 227
657 814
360 698
979 455
502 240
471 537
821 580
572 334
701 46
242 147
199 277
460 732
814 503
373 77
908 840
135 749
430 508
226 353
982 936
15 449
995 527
425 468
451 557
13 270
288 755
309 919
216 522
775 670
797 866
463 402
638 260
720 881
991 1000
743 123
538 945
386 418
334 20
970 548
699 110
604 578
388 719
116 212
708 496
674 288
436 723
572 583
116 891
765 82
681 841
721 916
873 209
251 837
547 784
935 489
760 701
318 501
726 470
798 931
102 540
745 407
792 248
846 943
477 361
65 906
247 422
983 352
747 998
17 559
274 150
937 622
424 567
422 486
627 685
946 740
216 441
731 362
809 676
437 747
791 524
363 459
90 257
56 401
916 639
938 979
521 73
138 667
274 459
919 281
939 455
672 90
412 349
237 467
274 346
870 760
750 831
544 364
306 955
169 449
779 904
688 931
608 980
460 374
681 446
205 808
810 602
558 788
26 237
532 899
554 583
39 760
850 430
497 257
410 255
283 615
595 103
383 318
79 289
158 640
196 339
319 407
249 687
618 891
270 873
260 192
948 913
36 331
295 494
442 46
922 372
542 949
873 258
908 263
345 857
4 27
929 385
720 522
202 817
756 504
208 318
741 364
246 794
941 346
229 88
820 605
469 342
416 427
471 399
494 84
423 104
116 974
780 559
881 661
60 841
422 288
849 84
416 137
654 321
591 716
977 808
81 371
924 977
172 590
66 457
485 529
983 374
790 910
682 783
441 667
372 901
123 9
570 952
554 453
212 705
79 758
145 248
899 915
919 460
995 58
65 33
783 301
532 611
408 965
99 222
913 140
623 659
917 851
967 185
299 155
48 328
635 353
193 310
395 606
883 859
810 431
836 110
266 705
321 797
819 407
912 472
580 680
672 691
981 439
839 953
842 111
791 186
188 877
27 681
447 992
657 306
487 483
844 800
258 415
227 830
232 724
799 236
204 276
452 985
58 304
277 18
395 107
383 560
205 272
906 885
455 645
641 427
533 178
55 306
759 798
429 783
813 226
724 579
484 296
603 306
219 13
260 629
42 526
629 586
775 170
924 736
656 562
513 95
119 413
781 954
216 676
678 514
385 637
333 287
346 986
935 6
850 538
657 662
103 970
454 588
26 847
192 635
601 977
375 458
967 563
820 117
714 456
901 148
118 360
429 659
377 674
937 64
925 703
490 530
369 410
818 852
468 45
568 339
201 686
965 985
246 238
253 642
568 706
877 456
424 918
623 804
774 954
701 122
620 110
583 378
106 869
25 378
870 994
357 565
175 388
291 155
794 46
387 652
979 102
562 2
304 286
802 757
682 816
979 983
546 526
619 460
175 730
510 207
414 549
375 727
502 826
885 253
571 30
384 164
33 643
696 967
935 742
588 365
106 346
181 172
555 403
521 519
557 193
336 459
445 743
10 4
376 572
184 901
215 989
181 221
459 407
9 324
142 680
68 262
971 560
807 142
137 488
753 376
494 477
811 88
485 553
252 292
825 196
848 227
665 947
830 87
691 687
928 203
271 275
610 549
458 310
846 669
688 715
545 182
194 284
397 409
38 405
892 474
985 168
734 301
365 438
900 455
459 817
740 646
691 506
819 49
123 652
472 388
852 353
681 48
140 291
947 149
17 168
911 997
697 958
224 404
222 867
77 540
283 749
608 522
708 704
847 485
64 508
504 243
233 475
452 883
219 536
880 894
737 987
934 671
279 462
447 568
162 696
609 1
737 52
956 274
775 814
962 979
125 958
999 460
231 806
418 897
42 789
689 58
618 224
759 26
996 549
797 564
390 106
873 438
926 328
624 738
608 37
416 807
561 209
985 957
840 912
641 89
592 745
124 697
332 812
189 661
930 121
470 166
162 474
259 859
918 670
333 342
46 837
855 49
894 521
915 132
775 400
156 352
267 697
930 347
151 575
626 560
337 573
602 67
89 172
648 871
289 419
311 682
701 510
920 635
230 830
182 957
553 319
960 727
812 840
179 175
350 502
290 118
393 464
809 103
739 482
580 806
83 262
212 98
88 176
532 797
681 445
593 857
743 299
581 412
874 406
710 48
558 132
26 29
989 531
887 968
926 1000
819 344
527 651
288 784
847 110
26 17
851 107
210 929
62 966
871 84
439 232
244 64
816 321
746 910
339 300
789 146
487 815
708 326
690 761
868 865
270 793
589 453
92 163
257 402
112 201
975 744
875 588
894 504
401 815
38 676
811 996
941 345
449 750
727 190
214 485
498 68
16 694
977 13
617 38
546 250
929 226
270 426
660 118
739 535
374 329
445 896
623 105
879 211
591 719
939 102
850 567
100 42
543 616
454 609
113 929
721 290
616 8
542 272
765 697
948 79
768 509
271 218
38 243
739 834
84 405
156 106
360 981
515 565
329 618
968 897
9 94
838 677
621 43
161 629
550 233
402 377
631 659
231 452
583 115
469 319
57 693
900 415
724 315
134 979
912 453
749 280
677 75
588 666
383 110
973 976
904 809
923 199
853 266
366 266
733 292
336 610
537 585
365 672
528 335
156 605
503 822
576 16
633 97
10 602
102 300
505 726
306 289
629 21
385 741
962 1000
870 801
419 147
251 79
478 882
67 677
528 177
444 26
440 625
58 416
150 496
797 587
361 17
768 895
567 97
788 370
63 774
409 683
963 268
417 240
327 909
996 332
63 151
584 70
87 13
461 344
601 645
251 780
33 433
950 292
256 336
497 140
460 16
160 828
289 152
697 11
932 870
256 463
669 117
321 239
817 674
109 392
574 978
670 329
392 110
412 113
569 178
354 258
89 236
982 454
285 622
454 879
354 179
545 794
305 541
285 543
288 301
934 180
701 151
999 918
305 622
559 670
621 160
826 916
421 336
300 679
227 641
322 695
880 592
488 927
453 80
16 886
996 974
995 533
870 995
482 928
875 671
657 396
141 307
932 2
982 478
701 859
359 251
132 888
842 275
898 1
116 476
499 460
743 81
505 611
168 397
211 305
628 38
665 84
524 169
413 806
171 745
844 249
826 65
384 132
206 999
944 60
822 61
823 876
137 269
926 15
391 792
358 637
918 838
189 737
558 283
263 458
671 473
603 63
659 257
290 356
57 87
298 939
781 814
621 687
217 793
414 989
717 156
99 349
337 720
88 746
442 742
809 590
430 612
122 777
910 460
877 103
596 753
463 570
959 897
193 34
530 163
490 577
218 407
575 369
504 568
560 188
183 568
900 448
683 976
26 501
184 576
892 586
895 869
161 942
201 841
2 362
459 641
888 525
740 534
390 781
726 705
140 220
217 503
127 92
588 674
476 324
541 756
672 653
932 215
53 906
81 653
374 734
359 142
482 885
903 487
281 108
278 771
962 976
802 905
896 462
880 605
989 213
976 668
663 660
462 79
684 500
962 754
73 701
635 612
307 680
676 743
882 268
586 755
280 240
299 60
506 520
807 220
838 707
389 451
964 329
217 708
242 145
53 45
794 776
727 107
363 687
754 52
440 212
919 708
223 331
137 148
420 525
956 688
816 558
806 638
863 392
792 519
587 947
624 758
92 820
164 409
455 394
763 157
875 455
986 628
151 223
458 13
299 823
867 312
45 684
783 542
17 139
97 165
297 427
871 369
286 569
641 990
490 412
330 293
538 334
944 553
582 127
452 848
478 595
236 575
951 479
242 527
205 665
426 710
490 193
410 526
249 542
111 402
27 652
827 435
301 37
164 892
634 939
391 810
603 296
107 985
646 804
986 323
894 328
471 393
663 649
238 492
574 586
258 876
522 225
834 655
137 325
467 970
868 196
239 425
122 764
926 214
285 246
968 936
751 935
203 853
811 18
705 523
81 369
851 885
51 425
142 784
717 164
955 787
575 90
912 890
307 832
586 251
136 772
66 233
52 948
751 746
457 805
563 288
545 893
145 143
532 621
181 633
705 812
333 782
192 942
688 867
965 557
583 114
35 680
880 507
523 947
784 753
213 825
841 480
749 279
865 506
830 936
525 134
619 823
486 866
396 126
956 6
867 421
616 739
874 395
729 388
71 589
607 431
116 330
745 203
670 458
675 327
895 480
491 998
801 297
990 460
757 463
371 316
98 604
172 315
83 240
35 797
343 674
719 7
25 47
542 516
229 311
949 526
343 275
237 748
272 496
664 914
152 166
713 331
491 661
275 672
702 729
775 23
816 76
450 454
68 937
854 253
824 583
112 989
375 896
252 205
355 236
272 813
423 14
405 527
7 847
781 952
740 217
122 528
834 268
418 509
994 604
114 544
794 832
464 355
63 453
143 93
346 843
433 621
367 563
939 210
597 402
190 984
617 460
431 470
10 145
679 140
352 883
95 965
497 382
818 624
857 238
40 944
347 732
982 310
964 837
382 514
933 146
455 338
79 742
80 576
152 845
27 75
1000 625
86 490
734 454
2 391
226 233
845 209
852 149
448 83
14 328
680 798
610 67
41 196
278 171
795 511
947 296
89 720
201 910
155 805
727 873
676 185
537 725
274 981
24 512
685 309
779 688
373 313
303 546
311 119
560 545
779 257
600 482
874 129
819 512
254 103
861 389
457 967
874 550
98 979
452 78
237 720
665 91
975 306
903 49
822 387
698 149
357 88
599 550
271 857
517 593
869 78
542 60
47 646
873 139
251 811
76 150
814 354
542 79
835 195
963 918
513 859
327 295
475 720
133 122
998 421
155 734
159 810
610 688
114 259
811 491
713 731
113 249
645 96
901 353
963 581
587 465
425 710
423 711
891 935
621 914
439 491
592 504
792 714
649 839
467 284
654 240
69 432
14 339
790 496
791 937
633 845
652 497
857 789
625 465
455 596
757 244
369 659
586 460
153 233
348 783
980 196
548 23
107 321
2 943
903 375
63 746
927 125
145 957
755 666
93 799
24 314
746 59
340 936
609 481
441 343
233 548
603 719
231 518
626 548
309 328
38 702
457 733
591 294
426 404
190 453
462 366
444 973
162 122
626 951
592 747
148 57
206 883
484 113
11 323
877 518
785 920
980 973
547 738
821 463
988 592
826 311
702 322
299 477
561 514
781 849
142 821
223 330
797 231
302 703
673 492
57 844
41 311
632 728
986 851
915 469
205 662
407 369
730 348
678 20
442 804
305 173
890 166
123 317
855 740
142 369
74 363
465 798
227 331
635 326
109 915
647 134
740 523
182 189
580 451
490 266
821 726
930 587
992 984
705 293
49 313
69 182
987 863
274 906
3 216
701 785
595 274
947 401
107 412
612 983
202 376
294 930
335 132
840 506
487 329
947 849
521 897
331 805
704 281
997 652
755 886
131 602
835 602
613 389
145 810
629 962
809 848
206 941
637 287
50 745
659 749
972 604
862 856
63 893
731 143
326 745
627 78
262 941
466 520
721 713
533 494
807 195
114 22
96 629
206 766
264 833
483 343
854 314
301 730
621 741
432 535
677 723
271 6
721 151
150 897
651 684
636 486
967 910
75 286
276 607
66 119
952 808
143 489
403 340
96 962
649 44
706 7
635 151
709 868
952 251
570 566
602 327
307 97
899 805
757 537
745 995
614 983
212 418
196 879
735 950
866 163
648 498
705 231
669 580
50 404
966 142
329 219
112 165
98 392
865 407
286 651
770 812
443 956
992 851
3 308
136 915
230 503
654 629
514 216
573 379
443 154
859 530
753 807
126 55
96 102
858 382
249 584
659 811
287 938
200 4
45 470
811 949
495 68
428 131
548 412
146 972
536 380
722 155
851 581
655 637
786 764
452 408
453 865
973 106
439 690
722 298
744 270
266 324
488 76
401 555
163 724
20 171
319 985
157 114
927 542
640 456
90 51
308 110
290 689
418 506
954 664
213 576
17 756
933 558
62 4
688 595
647 453
490 895
207 187
114 367
354 222
562 923
781 635
624 672
622 943
625 121
311 748
575 351
544 481
66 893
492 444
964 356
274 270
921 761
494 653
558 518
221 48
363 767
202 252
631 837
675 951
714 147
917 990
431 644
663 206
437 296
598 481
359 23
733 262
718 746
779 546
56 138
491 820
275 771
360 214
408 480
836 928
693 985
664 721
148 482
330 461
489 164
567 161
179 736
954 482
132 958
6 915
870 893
139 62
620 557
586 877
462 771
236 806
432 147
859 796
521 699
499 157
797 734
564 767
906 471
684 48
907 275
121 892
640 182
931 409
593 234
901 305
189 767
979 48
744 249
816 806
963 737
713 674
33 910
327 294
38 863
21 611
673 28
264 70
360 881
555 80
655 21
513 612
695 788
579 999
799 958
35 901
303 175
126 838
74 741
368 10
645 240
575 371
743 717
431 112
490 629
398 768
348 635
778 930
912 496
563 897
677 176
625 327
574 264
959 758
106 948
503 730
752 78
938 575
86 227
886 409
814 362
447 839
959 912
253 532
35 321
629 838
41 944
408 589
357 598
582 17
988 344
239 598
511 477
300 826
432 450
159 113
918 230
297 760
429 491
599 388
931 121
435 870
383 612
934 86
797 896
693 735
445 64
733 814
438 458
962 752
360 258
12 443
908 306
822 108
932 740
468 935
613 313
615 415
210 771
266 58
360 401
399 378
43 164
794 628
959 402
941 643
355 243
843 117
323 180
657 171
453 825
241 355
299 79
82 597
251 822
432 620
731 64
96 328
733 658
477 721
556 596
702 210
958 184
906 479
981 889
126 896
26 642
808 592
717 992
976 294
118 343
725 501
105 840
145 161
18 945
19 376
258 529
759 218
606 276
563 375
726 769
700 676
510 535
190 578
966 163
83 267
65 276
602 565
878 926
631 674
101 659
190 639
865 190
685 491
211 28
624 259
36 145
790 110
794 101
815 941
466 50
345 899
253 794
441 58
96 91
225 313
214 687
241 707
591 231
663 698
210 190
263 72
361 58
492 980
861 381
24 390
723 260
121 730
364 275
181 368
629 626
656 627
82 279
767 469
4 570
807 408
38 554
938 492
242 977
974 294
99 552
336 406
134 217
428 446
659 458
976 198
390 941
845 97
450 53
177 971
217 806
270 344
914 506
623 219
860 767
96 852
668 298
212 606
748 632
15 189
915 387
757 710
612 223
80 122
436 909
947 786
89 62
472 178
951 810
53 411
421 71
425 28
313 695
995 911
196 872
696 368
274 698
957 87
351 952
28 333
265 901
50 405
914 362
959 400
558 965
540 208
11 514
140 230
273 259
97 199
713 519
212 240
527 635
182 472
98 747
995 587
178 275
474 906
366 660
850 289
796 671
157 647
304 197
638 320
254 73
774 726
137 939
543 215
619 373
927 52
313 54
788 654
606 653
702 844
404 151
479 701
758 600
428 237
619 258
654 360
694 240
326 724
215 757
872 678
698 110
129 825
2 553
224 761
318 887
615 423
360 489
233 893
167 574
988 763
403 183
374 595
61 751
177 614
74 778
346 55
450 973
498 218
636 404
618 763
178 732
640 457
661 429
755 318
501 634
341 225
547 522
435 717
436 203
648 851
830 447
800 894
817 816
961 690
386 595
338 824
399 761
564 126
568 433
825 398
956 736
406 641
320 322
283 118
334 7
363 292
536 582
723 580
942 678
250 126
740 637
283 404
859 686
676 453
895 211
606 130
994 224
614 697
73 373
247 716
175 275
32 515
809 205
957 349
870 998
176 766
267 265
416 843
315 5
188 781
276 672
931 975
296 694
83 142
546 522
340 551
70 504
522 18
263 3
873 478
980 614
31 372
518 459
172 206
798 174
690 527
585 291
327 626
879 449
940 203
579 285
232 240
640 183
785 946
539 955
907 355
765 427
507 391
403 64
856 980
673 162
380 844
834 265
458 592
985 353
488 327
169 812
479 11
359 993
916 608
385 1000
5 463
15 773
282 580
964 788
108 438
435 30
117 309
402 301
701 327
403 764
213 157
126 726
74 373
142 349
723 608
373 935
710 302
14 337
87 805
878 528
239 770
735 905
957 415
207 288
905 572
654 353
197 282
770 866
884 580
601 286
965 773
412 907
643 383
537 518
745 114
590 26
136 989
307 702
763 574
913 763
842 163
827 861
511 476
663 435
6 594
762 378
598 489
277 229
885 368
264 550
852 367
89 893
266 946
571 193
441 484
690 721
233 138
275 621
393 730
251 634
195 354
270 688
113 637
333 112
975 641
882 267
233 810
405 980
121 799
160 921
747 703
287 528
332 191
569 105
6 440
890 881
906 250
507 419
53 115
769 674
113 808
366 490
934 982
30 661
156 483
20 467
403 461
977 848
742 720
891 246
618 578
213 494
910 316
913 488
243 449
768 277
521 227
406 623
160 69
293 407
80 492
359 666
668 104
163 765
341 852
592 343
615 818
563 374
396 33
986 627
936 324
114 918
100 709
672 462
430 434
785 97
201 874
112 187
115 748
66 44
829 120
740 565
745 869
376 256
137 26
363 10
456 696
348 894
520 865
460 844
923 364
763 621
417 819
804 441
823 463
150 31
457 248
771 193
595 389
742 372
799 365
600 301
853 965
788 516
572 915
793 938
434 716
907 158
581 75
270 882
457 925
96 203
59 945
943 677
68 33
897 53
291 258
450 905
958 654
888 198
483 746
953 270
345 229
149 273
561 241
176 337
360 398
788 440
954 928
975 522
372 637
212 778
217 692
298 991
924 959
856 797
319 935
151 611
87 331
713 744
661 392
845 411
348 83
32 350
967 904
716 392
311 996
938 95
699 698
424 536
189 264
666 120
48 968
461 844
860 879
647 587
765 550
783 187
967 174
255 744
221 520
661 731
593 765
556 519
977 606
9 860
178 893
360 616
291 678
553 287
401 26
352 584
403 564
395 34
833 63
597 78
571 879
365 634
332 308
155 196
946 201
784 756
213 966
16 270
2 337
221 347
439 260
166 452
773 548
98 390
526 356
984 475
123 569
931 756
144 226
736 524
386 35
514 17
671 766
599 470
107 493
699 23
572 799
374 517
822 745
913 707
509 290
963 423
645 796
334 439
872 890
615 994
984 616
182 100
945 67
166 183
868 605
462 394
708 422
410 609
361 21
664 772
756 426
280 13
45 371
673 970
755 114
718 106
569 762
769 456
254 522
683 270
756 328
538 519
318 521
837 521
264 320
327 687
841 781
76 365
385 624
931 607
215 794
169 934
890 536
262 681
765 744
858 58
894 980
311 968
873 409
403 592
579 892
639 820
697 750
342 846
881 68
610 538
976 336
596 729
333 973
248 839
946 568
673 336
359 589
910 103
839 455
731 710
496 53
840 922
748 771
52 826
435 178
494 659
535 300
402 488
80 722
672 502
965 671
91 495
337 853
278 174
596 157
689 597
925 845
88 364
690 62
127 53
628 622
420 107
560 710
425 571
562 428
619 165
369 597
969 438
679 819
760 269
745 607
916 831
811 777
633 242
459 700
624 475
441 463
542 615
510 633
600 404
675 66
513 355
73 308
606 622
719 917
584 136
733 889
437 172
422 560
443 503
475 825
484 201
671 167
72 459
418 203
385 434
149 329
815 936
104 956
379 354
161 171
788 112
539 954
116 515
651 776
399 6
721 76
815 654
835 196
123 214
109 471
627 294
699 629
259 512
591 643
304 825
527 427
285 812
547 553
768 266
554 503
621 461
381 884
904 169
8 126
782 142
861 751
881 241
476 691
956 645
494 572
830 186
173 749
394 966
967 7
443 683
170 673
283 450
616 706
939 767
706 670
679 669
69 998
624 59
566 946
292 483
743 258
559 423
113 236
361 512
714 4
67 957
831 943
996 956
490 55
166 750
371 328
339 166
212 874
140 909
162 693
749 911
574 881
793 973
687 425
362 924
490 233
914 887
132 924
710 661
917 37
556 299
828 576
381 242
665 421
851 398
161 198
95 565
846 512
273 882
15 276
343 171
399 245
863 560
294 501
281 718
216 609
547 743
570 844
946 702
158 407
787 453
554 344
755 505
264 902
925 431
431 282
911 108
414 588
293 261
941 837
660 716
694 519
74 692
384 341
497 315
247 883
587 510
990 777
520 437
26 418
759 212
563 377
412 347
260 50
89 450
44 834
448 111
526 30
17 254
473 972
862 86
687 9
999 811
263 953
253 581
783 538
640 796
69 718
183 830
244 824
745 757
762 189
235 215
455 970
560 654
960 232
192 258
391 354
734 688
70 295
220 208
297 585
335 129
407 532
927 461
718 450
555 747
727 624
12 379
72 214
948 927
237 355
718 365
601 640
158 932
492 982
608 87
954 79
539 409
280 50
764 618
105 35
909 677
271 764
58 235
96 298
295 202
958 542
620 609
724 676
860 292
509 818
350 750
831 357
427 99
66 289
871 612
51 655
140 452
273 633
914 984
958 358
281 682
377 829
402 982
431 728
358 904
471 747
437 311
692 307
251 69
158 499
19 75
510 934
441 669
65 793
88 678
513 247
17 670
277 932
204 196
317 419
66 229
393 403
468 817
395 763
218 472
627 572
744 864
907 886
696 131
874 834
583 110
216 40
877 333
64 236
299 791
66 566
175 136
577 418
984 476
794 165
974 938
940 526
314 264
358 191
50 836
412 867
231 332
990 432
738 313
352 100
776 710
796 665
102 176
488 612
675 472
497 746
618 314
713 254
381 88
110 526
703 543
635 603
300 34
915 11
367 230
665 492
868 557
704 518
500 745
798 176
671 194
620 746
822 42
590 54
9 449
392 444
587 796
803 299
641 132
570 34
589 198
846 207
321 448
324 733
829 936
646 38
43 127
857 423
821 4
147 45
760 618
950 603
621 488
895 665
630 606
960 630
338 822
874 900
433 714
952 154
635 37
856 310
341 434
658 20
697 714
748 795
99 224
407 43
635 402
908 972
856 421
286 968
213 872
530 90
35 584
696 270
951 558
682 289
973 798
374 469
340 109
144 176
182 664
912 181
141 221
643 39
785 330
310 367
184 815
122 604
595 463
597 677
727 730
490 99
789 499
516 605
221 241
3 418
923 629
83 144
176 990
269 603
236 914
290 189
110 554
720 682
24 337
647 155
871 889
964 45
87 453
362 859
8 965
667 662
318 742
116 484
146 559
110 260
615 293
279 981
911 452
289 93
860 492
521 410
25 587
467 902
765 425
18 388
682 943
406 871
85 428
910 695
472 991
471 659
455 238
592 944
342 164
436 169
95 916
985 400
696 93
841 36
15 137
976 317
728 430
160 426
715 975
218 400
387 597
493 746
847 943
558 694
462 59
616 355
250 33
697 742
827 659
630 324
923 100
866 593
670 723
585 581
287 501
330 40
493 524
66 638
198 99
519 863
499 736
838 19
469 724
736 565
349 126
440 597
249 954
358 244
909 252
462 1000
629 39
771 884
335 861
438 5
286 371
968 358
16 787
624 504
988 121
22 281
851 179
196 4
201 490
771 530
893 512
620 634
450 411
693 589
286 45
155 395
91 407
384 53
239 23
497 924
806 695
807 330
223 515
135 329
858 302
397 866
159 583
699 946
301 754
855 207
289 234
350 557
460 85
845 886
405 692
464 400
164 570
311 898
76 5
648 926
385 808
460 164
981 209
568 213
17 689
345 220
769 578
379 624
846 592
503 375
342 819
273 984
388 671
322 423
621 65
624 747
606 431
27 134
496 461
649 871
804 709
770 981
849 948
76 67
773 718
946 656
10 846
709 704
342 767
579 746
934 979
149 633
39 821
633 990
540 382
796 912
411 434
984 368
978 370
425 626
745 645
161 239
127 861
75 766
495 985
757 502
794 96
318 866
127 150
795 47
149 972
604 406
28 863
819 636
676 979
148 276
651 151
103 394
968 17
992 503
814 290
985 882
432 862
235 90
116 934
176 339
967 727
894 333
362 546
73 557
574 591
57 500
8 620
752 769
789 848
884 466
78 393
709 659
119 295
803 620
787 371
369 416
665 595
586 430
826 582
904 260
816 624
226 28
285 787
513 560
467 525
393 402
70 666
291 731
402 224
97 536
762 794
971 549
87 649
400 449
592 309
777 325
139 876
982 670
571 865
293 235
22 955
192 978
174 870
343 885
75 815
900 276
433 233
227 760
67 879
969 271
159 681
274 603
97 196
580 663
743 325
49 345
692 517
878 808
883 638
794 213
260 681
979 191
598 699
415 79
809 496
884 860
461 701
599 208
301 84
409 939
885 310
263 24
84 523
1 41
415 83
467 716
958 729
278 703
889 924
823 913
333 165
962 567
13 382
674 355
567 492
936 698
688 11
797 359
836 403
629 113
39 228
741 26
489 665
94 716
720 267
632 455
925 116
577 352
933 601
533 383
590 320
42 442
406 971
243 599
609 858
460 236
541 53
691 600
213 420
436 325
402 181
800 992
48 837
341 448
144 516
930 639
343 328
4 16
744 861
175 73
855 571
658 21
400 301
776 216
761 510
47 3
529 256
674 747
625 351
273 194
89 892
540 128
164 512
585 569
912 295
571 762
404 643
187 757
529 34
452 759
421 191
381 75
926 923
672 726
378 763
396 494
589 835
20 578
701 853
206 301
351 716
672 581
435 737
755 532
258 378
775 707
45 34
324 239
804 209
185 615
721 629
831 760
278 744
689 23
624 764
140 713
159 191
399 588
456 142
614 75
279 758
153 767
16 982
972 529
220 302
862 901
251 285
449 628
176 140
285 486
358 740
451 2
471 479
306 736
606 385
281 583
323 220
968 775
328 678
95 608
668 7
404 379
668 728
817 486
507 408
949 33
808 971
496 100
592 802
403 69
484 952
519 251
789 761
919 702
541 104
469 847
657 619
584 725
797 143
856 757
752 390
833 667
494 595
170 397
32 102
70 738
400 506
329 548
660 616
312 726
847 942
358 31
491 456
351 848
865 603
524 594
35 615
2 356
321 698
767 293
737 754
369 662
153 865
335 393
586 787
434 28
65 322
202 510
98 319
586 88
438 829
859 14
813 351
908 53
768 608
749 909
701 58
224 120
956 297
304 603
297 764
689 162
327 556
309 689
662 255
811 723
222 678
281 144
600 626
283 814
146 878
854 966
177 368
106 278
402 535
864 150
737 408
850 185
669 499
851 400
819 277
600 656
785 770
475 996
591 466
848 716
245 786
413 38
234 517
200 397
241 359
367 803
280 357
615 718
228 123
599 84
146 306
54 427
665 630
156 383
907 529
472 956
276 576
10 34
502 872
564 275
105 530
61 807
873 533
692 127
624 669
416 946
735 187
386 534
958 414
652 733
528 851
507 992
278 946
402 268
387 224
668 23
84 350
766 854
322 471
622 730
588 798
57 674
689 525
939 588
818 791
433 499
822 887
424 10
316 40
796 866
685 503
344 976
399 960
715 707
495 619
900 599
560 640
563 823
469 856
538 251
645 805
249 710
845 626
109 443
465 366
880 865
14 799
953 561
516 677
55 294
446 457
138 446
767 627
238 263
385 335
99 991
501 991
797 642
11 277
730 679
821 268
988 787
590 75
473 295
977 938
458 693
962 357
798 903
535 985
416 129
237 215
932 841
973 163
830 308
759 374
897 792
911 221
75 277
925 433
501 388
763 81
503 346
251 165
660 713
952 128
535 551
167 419
634 386
672 15
928 121
32 174
985 120
236 198
338 400
959 596
897 854
356 767
901 127
862 161
240 912
5 550
302 152
253 758
67 878
799 545
676 316
552 226
633 358
667 211
317 982
619 186
909 178
876 299
422 876
770 216
496 551
408 393
900 788
836 585
84 822
486 70
876 442
35 234
163 417
935 775
997 602
197 130
680 356
813 383
6 936
651 293
375 715
637 660
124 585
767 817
702 880
812 240
427 786
671 63
528 199
858 594
713 333
914 972
3 759
79 384
816 66
357 46
395 321
471 58
533 43
789 913
737 448
544 860
392 473
135 259
410 782
693 309
732 349
290 488
256 184
275 388
369 353
665 268
618 340
466 745
622 372
181 588
384 796
369 498
977 642
221 655
264 866
503 107
307 900
453 910
183 343
329 702
26 710
541 165
711 245
885 553
716 141
574 55
408 954
830 157
632 900
134 660
467 409
213 133
930 751
682 412
175 57
431 163
415 750
821 631
844 696
368 193
957 119
745 913
198 5
700 479
519 885
139 617
325 142
308 892
779 601
727 871
686 512
948 652
552 109
914 620
129 300
457 239
365 782
28 320
631 535
249 781
857 590
469 784
820 562
129 349
165 567
573 410
277 205
743 78
252 204
128 915
58 476
167 530
974 166
230 246
177 506
966 570
552 282
663 766
388 732
426 555
232 470
105 104
270 728
868 707
171 373
815 964
584 26
776 258
712 197
996 367
929 306
214 292
470 146
126 429
733 536
848 302
498 107
65 564
172 1000
48 294
211 882
750 453
309 129
772 559
384 760
833 527
560 321
335 49
318 452
307 992
657 36
533 670
744 13
462 976
963 813
947 688
730 32
582 961
971 278
311 809
458 686
389 795
431 496
476 799
919 415
8 97
317 489
831 921
36 599
87 180
895 123
866 245
944 855
320 209
25 338
809 115
772 129
249 94
66 636
165 217
574 412
176 527
653 19
433 176
697 823
334 720
230 289
420 281
745 568
232 645
358 69
106 226
236 609
610 306
650 589
603 551
129 42
993 811
791 472
850 116
753 265
447 262
840 162
768 655
343 465
333 650
435 922
555 901
25 154
357 21
965 470
489 421
676 671
211 560
12 519
733 971
129 869
524 426
690 958
358 528
87 50
931 440
347 289
220 593
918 662
996 146
100 431
377 806
525 848
216 612
837 974
285 177
494 163
612 450
207 942
868 84
568 226
911 248
569 17
237 131
464 289
446 401
967 817
470 267
950 513
957 587
113 14
186 946
262 519
325 625
191 111
234 966
706 845
247 623
943 297
48 782
13 788
715 962
878 726
271 492
754 206
973 706
596 387
19 30
545 987
947 987
1 869
809 990
916 870
286 420
191 746
428 782
362 424
992 623
61 234
232 948
943 252
66 576
451 722
568 642
41 774
848 658
904 644
447 870
47 280
892 320
495 618
922 40
740 791
139 270
305 26
32 702
866 330
400 818
572 56
797 861
606 779
954 360
281 194
658 485
90 626
179 735
951 245
718 368
871 818
125 76
309 261
366 846
718 227
719 846
975 752
499 171
542 973
780 962
57 325
440 699
681 771
439 567
116 928
264 617
659 608
742 13
980 969
546 242
158 212
592 860
774 338
6 408
232 91
704 570
237 214
60 817
740 179
750 108
223 148
540 762
557 692
464 269
156 243
165 363
791 555
354 308
905 188
523 637
673 328
303 253
863 469
708 63
351 129
359 698
14 499
772 59
316 239
66 898
123 735
434 94
52 721
827 733
38 292
64 239
892 649
235 918
877 475
572 271
882 502
26 167
931 760
219 698
61 383
466 497
395 823
178 445
487 389
110 832
184 790
477 239
966 147
747 17
328 353
130 171
59 243
427 631
562 230
977 45
514 69
466 162
28 957
361 392
197 786
453 440
20 893
888 119
28 181
713 332
982 314
788 378
171 264
957 873
660 316
557 212
280 128
663 806
138 34
121 874
16 650
200 375
113 650
424 843
42 646
3 916
833 689
800 550
543 278
360 125
786 521
442 477
521 460
997 255
587 818
164 772
290 715
592 983
556 818
334 231
583 523
493 119
859 91
510 961
281 933
835 266
263 781
70 629
252 648
734 540
661 650
41 369
503 313
236 148
277 822
353 400
854 313
914 575
602 293
8 671
520 112
982 696
227 639
223 319
728 98
927 903
965 949
519 884
826 470
960 53
984 443
931 660
581 348
378 761
420 486
315 24
407 744
690 452
287 164
715 539
805 258
917 299
477 356
261 695
318 824
597 531
67 760
140 884
953 767
701 565
682 812
709 218
567 44
128 771
663 761
958 763
922 437
154 987
768 851
141 751
418 84
592 631
354 854
232 358
674 389
881 591
111 54
331 839
210 421
963 97
621 901
927 986
289 82
327 766
518 173
304 108
428 387
102 622
512 118
513 803
206 568
725 520
85 425
994 635
960 951
796 293
564 313
358 806
52 85
53 316
905 991
826 636
902 953
467 598
360 902
948 468
701 465
60 479
226 819
298 324
100 968
602 406
899 978
334 789
924 423
532 556
661 896
97 951
62 254
28 259
449 893
311 492
94 4
859 461
390 773
948 579
507 661
900 750
11 577
231 234
70 172
473 662
737 865
311 178
426 968
44 527
10 651
802 703
178 325
953 825
440 868
560 629
153 129
851 86
994 846
926 516
675 260
456 462
936 824
941 57
853 925
582 309
474 766
185 897
537 468
149 38
131 615
928 983
155 441
181 501
257 397
24 432
392 692
854 964
301 956
855 373
175 999
402 533
629 920
104 781
674 425
234 496
661 157
185 204
494 70
521 554
371 825
272 533
712 219
460 487
876 34
241 357
132 476
414 918
534 999
702 325
668 967
30 326
87 275
826 417
845 323
540 663
388 132
320 626
651 534
86 105
90 958
80 338
668 371
125 702
422 254
419 432
229 704
268 720
986 973
326 346
610 945
977 646
66 88
636 925
529 317
13 868
623 641
883 984
593 950
210 594
282 839
299 815
486 751
934 839
946 177
973 759
586 408
766 954
862 485
790 262
979 389
279 263
253 562
823 458
625 583
678 459
790 241
849 843
315 211
353 900
61 459
409 154
762 296
374 562
893 514
305 25
729 238
2 27
465 723
840 481
380 554
380 992
71 647
901 814
444 539
232 625
876 630
325 264
897 927
220 498
862 545
962 703
727 509
603 691
250 841
770 310
78 67
461 73
751 254
730 562
867 344
54 248
342 121
241 551
209 1
285 428
345 577
590 73
498 33
794 594
712 247
897 347
974 347
753 459
225 985
355 918
191 228
639 910
858 35
402 61
21 933
209 461
66 78
915 393
644 329
649 85
616 128
371 482
545 132
237 789
281 712
472 184
291 732
74 137
507 669
259 378
807 122
523 717
873 640
179 51
914 66
221 692
666 547
888 879
669 684
139 865
529 281
820 296
677 225
390 818
81 403
840 833
269 111
622 615
369 440
19 632
575 802
206 421
801 815
269 849
509 332
736 496
37 501
325 458
219 603
943 614
586 225
236 938
276 369
370 628
321 428
478 891
854 802
357 842
528 170
585 47
555 643
58 425
385 143
686 3
461 924
667 529
221 178
346 364
419 504
280 18
577 780
393 789
656 669
592 539
506 985
111 130
403 189
520 636
52 348
34 995
588 446
163 733
11 16
337 605
885 792
501 723
180 440
665 556
354 503
172 548
691 556
640 382
345 232
26 853
562 771
855 982
587 348
218 265
574 938
388 483
246 427
448 286
48 888
105 889
679 154
353 407
541 340
45 117
365 456
900 469
114 584
830 786
99 228
463 847
433 424
151 989
415 744
117 456
853 324
395 628
416 585
914 328
623 814
115 683
294 558
779 970
227 537
31 937
567 619
89 728
532 990
921 397
906 649
121 239
653 126
269 306
486 913
131 876
695 58
353 972
762 352
728 816
213 680
804 77
456 467
594 873
941 443
546 626
101 302
842 363
4 33
614 255
564 928
103 382
380 705
72 18
551 746
291 368
408 212
745 269
909 664
290 40
537 25
70 598
944 53
170 274
346 557
592 519
419 613
702 588
189 647
379 377
159 623
287 570
609 552
388 899
91 431
962 312
564 484
588 935
270 363
458 715
77 931
904 481
988 30
802 256
623 168
757 1000
844 139
147 77
973 361
180 546
298 35
566 472
626 79
700 970
682 205
901 109
902 958
905 106
819 427
798 767
605 963
622 995
131 494
459 973
830 44
715 9
725 474
697 518
89 120
915 302
118 253
947 961
431 208
363 262
772 252
496 421
518 520
460 576
300 749
567 681
252 994
226 54
682 257
870 602
541 602
155 131
748 2
839 853
967 288
645 556
339 781
156 27
541 715
321 552
515 48
258 59
69 412
875 74
822 842
874 459
931 768
667 778
731 568
106 224
219 899
475 317
629 212
228 595
159 15
987 390
500 783
871 776
619 307
794 349
710 537
694 178
290 76
185 866
827 287
663 909
319 171
858 443
824 519
789 983
976 834
11 379
747 693
551 893
932 961
402 820
332 181
787 347
461 366
350 529
995 476
996 99
617 338
29 228
160 893
566 309
899 642
916 300
132 243
212 577
138 940
32 423
455 95
946 618
910 433
952 231
21 866
981 100
998 898
995 834
622 878
143 776
492 119
700 716
888 852
929 634
382 578
473 934
386 823
494 844
740 684
28 352
529 461
912 467
306 126
184 542
886 77
600 102
545 571
877 860
16 439
36 954
993 393
645 512
829 227
135 950
961 939
799 479
692 333
415 454
861 178
473 753
240 676
538 343
10 684
638 476
168 358
24 576
548 51
69 953
54 812
993 196
650 623
599 576
542 928
85 955
339 423
167 677
227 158
443 453
427 952
765 154
547 987
10 115
195 53
414 209
661 176
8 528
336 397
411 637
873 186
160 955
418 383
204 396
910 704
470 75
255 803
823 589
76 214
294 357
445 775
617 334
1000 66
583 545
551 71
797 37
642 40
166 50
80 319
392 942
856 688
284 169
782 216
714 562
507 784
238 928
739 221
353 394
907 877
895 966
79 533
239 271
981 233
213 863
765 770
288 394
251 379
563 428
666 595
873 60
248 638
725 244
840 834
658 207
731 783
255 69
883 804
330 748
796 833
102 504
163 324
719 379
405 271
101 688
743 321
102 331
303 672
879 897
933 313
867 573
135 811
983 679
250 537
343 708
435 649
148 470
166 811
509 21
103 196
729 685
803 146
497 749
137 940
465 335
987 462
555 642
21 34
975 289
686 300
625 942
701 453
423 291
906 971
176 228
215 93
310 83
242 925
793 347
176 371
368 971
648 749
665 273
495 290
171 40
191 37
489 669
915 857
170 224
833 544
850 638
502 81
545 468
543 673
912 945
270 319
539 754
955 729
134 478
617 298
82 383
57 619
659 205
532 325
806 300
539 611
612 107
866 394
630 595
758 731
78 826
730 365
126 850
291 763
645 132
763 345
922 571
28 138
216 154
144 919
252 616
847 583
79 745
728 245
412 664
804 653
679 634
259 119
316 124
486 692
675 974
60 121
995 654
211 255
726 546
770 776
718 754
757 136
743 357
67 988
999 255
250 458
878 543
490 477
254 434
203 587
81 552
879 522
997 635
173 105
181 503
326 521
38 557
663 650
633 357
673 654
283 838
766 11
513 931
816 146
232 473
964 42
380 817
971 894
909 17
594 27
635 717
841 690
238 450
497 836
354 711
371 863
229 133
195 13
450 157
280 314
313 90
417 329
370 93
208 128
501 773
281 756
393 18
945 557
137 407
659 267
518 50
80 74
722 555
742 604
526 601
378 419
158 445
241 89
540 653
208 942
744 112
848 488
347 533
739 823
212 669
13 924
380 475
933 321
592 211
316 424
912 138
541 134
48 869
178 940
911 820
187 966
4 240
334 795
904 62
812 863
942 602
139 859
305 953
682 383
979 407
494 689
904 909
579 79
302 356
801 539
2 352
848 538
763 489
486 848
92 767
952 520
683 744
457 198
465 971
891 525
130 79
727 772
33 888
931 771
741 952
413 589
786 1000
608 867
127 821
684 712
872 952
317 765
693 694
106 112
213 283
775 944
998 59
162 401
573 669
331 679
353 570
160 690
858 521
729 903
375 978
603 375
803 281
54 141
574 596
497 864
371 827
233 341
436 965
510 722
739 740
115 318
560 401
651 810
502 578
599 80
659 295
371 601
320 709
247 442
501 571
319 878
711 408
252 323
199 196
181 841
772 300
222 383
204 222
665 916
249 451
781 554
506 466
345 80
740 335
632 848
498 247
144 576
142 207
454 173
372 978
865 522
391 22
65 450
139 839
122 21
654 42
433 614
820 342
145 981
645 365
259 62
867 213
265 913
13 243
325 801
161 832
663 153
127 799
946 175
161 817
53 835
348 885
115 610
22 242
335 105
782 680
865 182
79 116
693 1000
480 345
809 415
147 867
12 226
895 327
59 89
825 514
96 194
666 210
489 29
471 189
276 906
538 983
210 329
121 738
764 376
107 979
76 610
976 912
560 95
580 18
488 202
586 655
792 2
176 295
821 441
703 725
989 755
792 177
370 101
685 730
119 290
513 147
109 264
987 324
518 506
223 256
61 613
320 545
478 2
527 376
486 612
133 185
762 581
855 972
877 916
218 307
493 907
424 686
186 853
326 509
874 938
770 737
553 759
716 101
184 366
359 261
151 826
333 947
63 801
549 835
622 779
385 379
494 766
188 317
8 139
892 533
953 290
895 854
405 872
679 593
153 515
64 226
118 85
981 345
434 44
663 189
701 106
796 834
946 83
287 345
288 617
511 191
586 13
201 105
206 474
776 637
615 906
391 188
28 666
73 39
737 24
455 821
206 325
888 412
119 956
637 575
654 749
291 457
935 912
752 62
866 623
781 221
470 569
718 871
205 260
335 897
2 654
441 150
978 151
872 686
232 269
50 642
659 528
471 54
823 797
134 34
251 680
597 938
968 784
698 473
46 160
310 995
259 783
688 159
525 772
1000 149
267 540
915 856
761 235
648 637
596 915
958 798
209 269
764 217
947 555
547 677
255 966
346 942
826 500
510 885
773 171
74 532
492 267
536 769
789 593
683 178
706 241
997 478
873 576
178 566
598 377
751 675
330 717
627 625
956 521
958 459
541 161
264 211
449 201
679 279
402 193
148 669
30 969
913 849
160 354
648 407
706 693
139 540
196 987
892 680
880 96
952 621
899 38
399 801
841 283
128 730
476 234
244 894
871 435
35 293
644 641
261 803
5 841
50 866
841 117
328 128
914 763
755 539
584 362
148 524
372 73
559 339
528 121
87 297
107 748
514 36
908 364
68 209
992 453
223 887
439 858
851 266
135 445
564 849
106 319
860 196
916 214
345 157
385 282
711 883
513 6
987 203
237 1000
756 260
466 566
160 629
603 411
397 888
414 814
988 727
246 969
711 657
103 828
215 838
78 697
682 937
43 81
323 481
52 161
734 989
165 462
773 22
590 417
688 409
322 187
753 197
181 884
592 69
167 257
318 183
612 837
289 403
421 182
136 58
672 220
85 121
639 678
130 520
937 306
36 674
645 264
297 154
687 909
635 436
680 853
364 230
919 238
135 201
576 181
465 970
227 567
980 95
502 495
678 418
830 761
814 226
28 595
987 762
70 306
552 77
735 548
337 417
814 77
743 25
525 422
139 375
609 29
746 926
880 584
276 299
371 111
634 555
478 125
231 683
461 923
702 780
685 792
229 454
927 133
452 315
496 82
823 980
628 188
497 918
346 384
797 697
983 146
876 834
932 636
347 180
384 954
480 531
465 193
211 933
360 41
471 732
793 111
220 988
722 634
778 440
512 196
180 114
240 429
552 524
181 840
679 249
995 188
423 959
890 458
636 186
734 731
844 399
593 649
208 681
87 739
934 152
504 607
27 43
675 792
948 500
218 737
662 630
330 999
402 408
494 850
846 130
583 16
738 91
791 967
574 301
886 67
946 172
984 455
162 927
532 801
719 353
117 63
634 395
408 845
680 111
2 103
754 800
866 870
297 545
210 770
887 988
908 71
395 156
303 639
914 688
757 496
244 37
483 935
836 993
987 631
435 732
366 624
882 304
580 494
927 91
219 798
976 627
421 802
334 125
68 41
505 913
324 435
237 654
78 70
667 679
779 33
30 229
62 516
896 195
988 889
238 264
920 82
669 466
7 207
581 742
512 275
566 90
252 219
272 828
359 47
518 217
189 717
835 103
138 157
343 985
125 795
246 137
846 869
225 877
835 244
229 813
558 664
244 805
555 245
977 795
579 251
851 894
601 599
449 450
255 946
40 673
592 126
961 303
921 969
441 535
117 558
568 102
517 83
406 754
333 946
999 178
190 773
748 791
980 992
677 285
435 94
146 215
830 885
852 789
340 225
213 861
549 979
416 689
314 663
330 27
352 575
263 617
411 374
196 992
506 202
217 395
398 624
292 467
115 720
120 698
616 607
71 433
787 640
794 172
724 45
391 302
80 24
856 157
801 812
269 846
272 190
184 794
886 329
444 468
407 704
598 701
628 304
876 454
144 279
935 915
242 550
97 297
408 172
923 543
907 178
383 551
186 97
188 704
137 547
581 952
929 463
124 693
971 852
862 915
21 401
464 305
106 363
179 621
25 967
697 386
121 878
705 676
111 305
841 613
263 474
161 112
518 84
21 740
995 393
759 672
522 104
985 739
109 491
879 251
609 995
242 204
8 364
206 595
137 72
411 889
873 950
199 254
311 960
424 764
223 244
924 185
485 649
677 479
289 502
611 343
43 675
83 910
84 445
526 780
341 458
269 349
736 996
462 847
807 733
523 746
283 65
781 450
909 269
344 81
140 797
795 170
262 338
714 822
145 497
843 230
739 473
614 807
351 903
634 225
547 456
268 505
861 982
351 532
743 278
212 174
486 773
558 857
616 714
656 161
966 386
935 849
613 682
850 363
745 583
837 127
499 472
851 47
232 573
201 358
917 408
385 127
115 232
637 691
429 270
896 582
589 560
185 986
424 280
133 538
841 807
328 974
628 89
40 926
708 17
102 768
929 324
825 795
111 50
883 13
919 256
977 48
480 520
561 817
357 478
677 959
977 65
937 723
440 85
973 149
78 459
579 34
375 159
747 1000
252 458
454 522
240 386
76 24
739 936
591 651
298 46
743 912
882 302
639 835
674 837
713 825
695 761
113 101
792 392
78 741
762 634
869 678
157 330
47 862
907 969
678 916
359 274
518 749
264 240
442 791
543 480
278 497
830 162
227 459
410 748
219 49
516 85
735 99
53 915
912 396
944 844
598 313
467 297
50 451
417 972
126 154
264 445
838 507
112 231
495 748
904 749
118 781
410 122
47 807
361 520
574 276
626 947
193 747
983 760
931 773
418 688
188 810
463 352
600 346
871 180
489 142
567 159
752 251
310 108
258 715
44 184
764 751
124 654
951 237
307 355
319 327
376 903
290 75
170 524
812 68
744 402
233 915
524 655
789 980
919 901
422 679
209 170
677 851
733 631
534 625
893 369
34 806
808 941
347 341
921 454
21 540
214 39
768 383
436 229
990 580
510 946
441 649
482 359
392 67
782 336
381 703
41 316
114 346
497 418
423 958
762 670
946 617
67 188
922 914
398 200
934 14
958 384
816 779
877 208
329 458
130 749
402 262
994 492
61 3
8 145
359 738
790 568
596 511
246 617
532 691
37 251
330 119
960 450
782 831
658 889
550 299
766 734
520 874
539 6
541 684
162 527
415 414
455 962
558 145
300 897
177 202
31 243
641 603
664 740
628 733
439 78
689 887
780 10
434 586
386 489
775 769
724 863
927 90
803 72
162 320
570 325
591 233
983 262
85 952
746 2
233 109
73 756
383 915
955 242
573 703
153 300
814 699
525 572
141 819
793 380
119 975
466 620
208 187
523 180
872 338
690 863
164 926
278 856
256 321
59 628
121 947
553 842
751 939
972 900
741 193
299 306
726 383
322 113
142 796
218 142
39 428
423 973
263 804
658 74
200 796
256 542
910 400
714 561
881 32
699 387
494 525
83 610
9 843
85 48
468 936
187 804
87 646
53 530
919 307
672 116
583 102
516 45
920 498
252 805
678 265
457 411
240 997
294 518
960 46
706 734
466 347
212 139
654 294
19 749
519 924
331 527
151 504
447 897
305 936
508 657
420 463
663 413
442 259
705 399
84 828
235 312
491 374
832 822
176 810
234 112
756 157
465 332
836 853
339 471
603 610
286 178
16 850
152 178
650 657
671 37
471 67
145 771
771 595
450 997
903 86
979 660
396 916
898 626
812 873
157 193
158 170
622 399
327 529
189 720
67 236
247 284
863 624
600 709
310 203
172 913
964 501
413 409
881 273
94 582
133 10
565 23
919 512
320 446
561 720
969 775
968 686
107 207
562 910
65 110
674 512
52 924
473 193
75 21
402 319
886 895
354 68
834 218
458 230
334 941
351 881
333 806
961 197
770 997
992 701
952 623
152 793
210 681
541 739
35 430
291 824
705 242
537 560
705 506
118 849
549 902
418 685
3 285
98 645
392 976
546 657
250 568
527 726
73 449
349 308
496 968
524 559
407 596
507 264
304 155
180 774
609 96
466 131
927 18
769 144
880 701
206 430
234 374
163 782
891 459
475 96
439 965
744 439
768 967
327 612
419 617
918 541
171 504
869 225
375 888
343 158
349 873
265 220
837 980
108 996
164 982
988 576
699 543
99 763
480 855
924 590
372 813
803 557
218 215
240 387
129 686
665 524
654 997
942 780
622 116
829 678
669 989
963 672
527 35
347 647
564 36
964 798
57 542
917 405
152 774
688 840
754 781
175 106
967 510
933 186
809 996
946 840
171 906
683 975
83 651
725 56
14 351
498 249
143 633
274 760
147 634
294 767
443 787
634 2
725 169
552 772
433 345
455 584
117 89
64 91
373 207
692 597
508 874
844 952
831 982
582 949
466 434
624 274
24 616
421 554
153 132
286 488
288 881
201 176
285 144
831 692
776 646
391 23
174 349
789 517
991 375
516 712
633 262
102 963
932 664
888 180
360 269
33 697
395 318
548 328
290 72
437 151
249 734
264 627
906 910
45 434
484 150
507 351
509 805
169 698
77 97
423 117
778 68
396 819
578 697
483 295
232 101
652 290
566 158
399 109
354 456
601 633
445 133
622 161
700 891
564 282
878 510
44 313
437 764
866 478
702 168
78 710
450 889
657 722
289 505
928 84
503 508
326 550
365 174
709 918
446 580
692 868
160 317
737 565
994 92
815 94
874 742
710 256
456 81
36 855
537 974
779 953
573 571
909 54
821 730
753 700
193 69
97 176
852 64
871 356
448 774
438 865
184 768
791 167
79 113
463 524
558 28
892 944
658 536
571 281
419 20
793 775
386 375
796 654
67 550
509 133
24 755
900 892
546 584
512 600
769 175
770 384
59 971
760 44
742 76
779 466
728 522
395 461
186 988
487 547
453 607
310 248
202 977
775 38
564 779
727 361
46 299
209 914
744 399
318 678
410 821
820 556
358 679
881 522
43 538
261 334
905 331
798 127
87 236
159 547
74 797
926 195
488 491
238 219
590 364
122 624
898 979
497 508
522 839
134 385
59 659
66 75
824 227
999 798
386 578
756 818
170 445
522 726
27 348
263 948
88 862
179 393
477 785
735 132
368 510
47 134
484 556
825 488
899 785
593 516
298 424
688 784
283 20
856 466
696 379
1 859
537 825
339 813
620 490
488 224
294 519
922 884
226 329
491 743
254 267
846 170
511 184
349 13
650 858
740 930
467 62
305 943
878 816
864 779
214 996
224 72
41 518
499 510
10 479
28 772
267 452
969 226
515 298
280 889
675 80
16 851
354 989
561 41
54 46
957 867
428 375
655 720
949 819
517 735
24 28
389 364
907 483
432 961
719 590
489 641
736 211
220 535
26 956
498 209
869 430
906 184
52 200
769 736
535 781
901 483
371 530
389 159
433 999
916 736
142 104
768 471
574 943
449 206
933 820
330 859
826 836
494 558
631 59
99 154
448 386
1000 751
359 724
994 405
903 813
183 603
648 410
9 576
999 789
321 726
602 577
142 420
992 557
406 105
541 738
359 11
588 515
324 598
165 734
486 906
310 356
365 775
115 972
461 712
707 752
409 85
259 829
357 951
124 902
50 865
732 958
415 43
254 1
923 511
552 370
371 533
888 42
281 188
447 747
973 782
185 984
480 300
776 969
850 337
361 255
69 906
695 134
54 10
811 909
573 742
208 358
834 992
675 170
287 656
609 690
702 625
314 286
618 288
342 352
95 616
497 201
797 849
794 919
29 106
746 396
696 665
392 120
350 574
649 293
423 182
318 88
88 585
51 639
267 650
146 345
220 874
819 733
207 832
852 651
78 628
359 901
59 61
768 499
925 370
943 626
288 121
934 480
592 215
8 104
85 6
364 963
386 701
260 134
139 863
781 484
88 901
672 445
250 153
870 184
396 213
144 774
182 706
697 606
60 170
247 161
726 723
505 461
747 335
292 21
187 297
648 261
227 67
338 343
305 870
322 796
624 132
365 858
25 295
639 116
732 954
326 847
989 5
511 449
921 285
336 971
512 974
766 329
720 865
516 570
276 327
212 274
546 549
547 196
505 521
55 421
681 526
573 552
336 745
360 517
500 788
176 66
563 622
270 780
77 359
996 468
978 203
48 808
794 369
950 45
577 301
665 435
295 216
225 612
100 368
581 813
413 141
253 334
695 283
203 633
996 266
637 40
911 291
831 216
691 845
86 897
109 288
716 264
205 488
354 457
962 136
229 903
485 493
747 982
821 67
238 175
848 47
104 207
877 940
347 629
393 742
464 695
998 820
30 618
345 84
53 395
716 125
133 355
744 782
801 473
145 157
511 976
842 651
970 323
457 364
670 820
235 931
798 141
577 476
291 988
981 306
909 53
322 753
931 709
196 925
771 44
331 613
334 644
597 770
448 775
47 289
325 79
515 19
837 164
527 664
59 236
474 557
276 347
209 396
79 150
574 290
944 261
193 791
898 330
662 147
846 428
704 389
337 172
923 677
12 508
987 279
409 728
301 922
879 413
524 744
617 902
476 375
887 644
551 911
441 88
314 470
869 56
835 104
543 315
379 292
310 906
459 332
112 275
738 945
388 832
155 631
427 234
310 938
232 66
985 644
95 576
678 609
804 328
66 365
999 869
636 507
85 363
124 199
655 967
460 193
101 873
700 911
826 574
296 477
666 361
639 746
766 661
256 655
79 611
905 310
619 630
506 101
772 34
792 736
151 167
812 803
887 377
855 671
297 493
218 704
863 240
995 776
69 150
616 563
107 184
145 411
97 866
923 212
981 470
1 612
678 496
629 452
461 594
83 416
653 84
140 105
776 609
639 12
732 866
89 992
418 758
883 502
41 517
25 392
227 814
999 436
845 422
819 562
803 153
896 533
932 499
71 865
992 994
477 394
867 798
913 222
720 696
849 484
423 329
873 494
121 529
68 8
970 620
354 845
210 297
285 281
983 230
275 287
729 611
629 602
522 292
81 28
82 751
993 128
765 42
803 725
317 670
953 160
721 972
703 884
525 768
261 853
590 222
815 767
713 689
848 229
665 945
268 801
198 550
753 221
845 261
549 513
915 427
593 377
518 260
646 457
441 756
709 843
981 950
723 739
43 565
709 988
305 526
679 714
866 233
169 111
478 227
5 753
333 804
840 788
178 231
326 514
550 407
323 878
274 658
782 842
344 882
610 85
314 534
615 708
818 934
329 115
554 636
404 917
226 477
709 272
196 741
420 493
885 255
961 519
837 124
819 737
968 104
306 500
550 595
576 506
885 352
154 768
83 154
897 936
967 117
935 944
224 964
297 792
372 196
615 136
833 992
339 501
139 64
474 660
805 752
404 191
587 500
440 651
689 488
716 208
150 649
105 370
124 442
397 884
954 879
920 947
890 865
7 929
928 398
964 324
988 578
705 604
892 38
765 272
185 260
687 597
29 139
416 48
590 468
8 410
762 633
669 987
606 380
469 53
677 496
74 647
420 623
612 155
29 429
640 638
456 859
682 489
22 542
151 894
446 686
300 399
678 117
644 45
203 343
956 783
762 970
283 479
614 798
838 367
287 511
342 638
992 603
937 78
810 452
938 657
761 274
83 378
464 776
838 510
114 840
478 505
524 681
652 374
946 220
488 648
710 87
677 92
757 24
253 777
280 771
597 560
102 118
309 696
36 320
594 214
157 500
270 781
219 167
880 731
76 740
461 94
188 762
561 112
945 785
485 40
323 901
694 180
806 850
116 852
690 551
159 440
845 137
439 600
868 894
741 456
101 105
67 25
721 40
587 163
855 193
50 21
772 523
954 754
457 74
617 340
693 23
570 962
256 390
891 130
873 627
783 58
677 515
643 655
477 573
518 317
167 289
151 956
958 52
464 680
263 850
574 100
260 212
722 811
191 572
342 952
933 203
22 570
833 47
209 789
28 207
265 523
505 142
859 22
796 970
182 828
53 684
437 781
277 728
723 520
785 93
665 469
348 707
683 1000
149 542
41 253
776 360
444 238
429 894
987 828
607 299
176 547
468 331
554 564
136 997
672 535
699 619
361 378
362 197
676 118
242 574
297 711
29 636
214 696
876 621
883 315
22 307
543 119
686 124
874 90
361 37
290 251
461 66
614 8
985 888
893 95
489 393
327 921
94 956
775 418
941 329
911 401
380 997
162 144
593 156
831 366
800 530
963 62
732 852
536 12
459 335
423 232
523 262
600 915
195 345
204 25
226 545
82 957
302 890
194 3
488 380
75 268
147 907
77 758
445 227
213 7
711 264
381 817
844 431
613 742
619 617
657 852
858 750
847 617
387 199
917 396
501 446
127 295
184 593
739 417
596 286
615 594
981 356
654 186
291 944
395 188
278 158
317 892
763 404
602 538
400 104
420 123
684 984
716 797
832 107
846 749
451 583
296 824
335 249
83 16
871 27
563 794
33 827
710 927
804 80
625 757
457 843
519 703
770 712
633 226
488 623
641 725
992 79
132 968
885 316
922 310
149 103
557 42
940 950
428 226
871 846
276 94
816 123
689 451
285 280
426 350
65 694
786 750
767 751
879 33
807 260
989 673
849 22
25 628
251 319
449 640
803 677
113 787
705 631
86 974
507 103
470 105
109 487
420 662
358 316
337 740
947 636
95 933
995 363
561 725
319 685
857 334
948 51
772 481
421 157
558 368
705 770
479 427
32 84
532 417
612 535
785 849
260 172
729 53
839 72
435 190
386 838
668 80
852 821
389 593
450 577
135 316
878 513
681 203
320 418
753 258
169 511
452 618
70 41
866 968
245 61
502 388
231 254
162 963
240 659
363 141
741 829
687 187
772 999
426 879
283 574
658 218
951 487
828 338
996 732
499 476
228 678
451 321
694 399
253 213
163 213
651 376
923 767
983 935
768 700
253 70
194 532
931 169
422 556
573 740
120 683
941 256
505 830
538 481
197 528
38 540
362 597
206 870
323 198
507 293
381 452
555 275
385 575
690 866
937 727
272 48
891 264
583 598
17 561
569 508
273 719
437 372
348 843
743 908
263 728
342 179
683 424
165 346
645 625
186 935
253 721
910 476
967 213
345 126
721 491
406 719
99 43
284 239
748 964
144 602
680 572
844 503
807 765
630 288
743 707
523 778
674 658
821 545
92 983
844 326
536 687
813 913
527 883
878 541
330 95
955 665
957 402
170 548
805 206
322 851
653 10
286 717
88 340
876 213
288 662
788 791
828 460
952 765
221 8
878 94
235 372
129 263
849 752
101 579
874 325
289 601
222 936
172 498
853 623
345 802
253 249
552 336
55 423
386 432
120 178
871 769
888 183
394 22
897 85
312 499
319 208
637 437
941 51
641 168
4 632
167 924
12 655
768 85
760 719
869 403
318 491
377 813
836 364
858 164
52 275
489 607
255 820
881 333
539 637
649 327
336 198
542 410
639 914
881 478
535 823
870 199
843 870
436 144
41 288
817 875
783 170
17 319
255 763
646 406
189 217
863 321
339 564
564 59
32 156
160 449
787 796
26 438
905 361
620 370
344 13
861 632
222 18
46 992
44 822
50 483
161 858
92 554
84 408
993 273
249 1
302 245
710 150
27 267
89 744
611 815
294 617
779 523
193 602
66 712
552 159
456 799
11 754
619 89
639 106
831 836
338 91
966 345
737 103
442 77
120 95
376 474
345 830
732 190
860 107
254 174
81 788
120 206
250 849
571 105
315 663
816 80
840 86
915 612
366 954
9 465
745 95
163 600
778 103
546 11
401 568
579 593
678 615
456 947
356 173
996 498
512 668
540 755
228 359
449 118
895 745
90 320
347 595
721 418
298 373
1000 359
394 672
605 772
571 924
922 558
282 897
30 892
402 865
404 16
806 116
536 632
41 62
670 647
341 275
300 729
745 931
193 260
377 103
628 229
400 105
576 242
667 173
425 714
136 563
818 19
857 719
604 161
187 448
207 13
357 912
413 670
662 83
723 99
651 462
64 676
173 126
653 308
235 461
310 441
615 102
37 822
266 819
896 390
248 981
811 533
404 165
120 234
450 423
965 260
220 349
613 274
30 202
340 870
487 977
695 300
718 119
225 674
735 789
323 237
345 421
517 621
920 938
109 341
368 593
720 262
812 302
559 27
378 406
267 611
548 752
364 554
8 273
426 440
289 280
199 245
223 243
226 693
190 968
632 463
156 40
69 793
216 323
34 588
181 651
700 941
477 612
596 750
374 148
805 167
982 471
298 968
458 147
574 61
482 13
639 537
910 227
398 823
244 567
80 560
247 956
305 669
450 606
734 438
779 885
891 649
162 849
114 802
499 528
814 345
652 332
550 375
737 860
5 802
150 214
361 672
88 488
111 532
331 700
426 876
63 657
796 578
171 560
62 911
466 236
880 546
813 18
172 414
543 579
290 177
589 555
607 806
99 803
1 724
229 428
452 205
825 685
646 845
168 668
77 801
524 297
391 866
128 58
807 346
241 487
210 410
980 842
755 425
111 174
189 752
834 711
816 838
33 108
659 272
994 897
647 339
560 379
959 77
982 166
587 653
274 161
863 737
476 866
55 853
833 295
542 345
431 506
35 933
252 677
753 72
626 470
679 160
57 945
643 543
430 913
456 861
699 452
228 591
943 396
583 917
87 595
166 351
758 389
282 872
389 692
908 996
316 31
965 870
178 24
35 481
37 339
205 817
415 490
257 984
97 25
371 422
324 7
353 992
504 116
893 742
548 7
149 956
666 86
743 100
862 562
594 212
704 444
446 763
603 686
698 214
951 232
332 632
137 638
820 677
124 762
654 969
732 505
183 435
223 742
9 436
963 183
232 331
877 613
306 986
823 835
955 459
557 275
464 110
11 371
621 608
802 90
884 450
725 578
194 138
746 495
698 235
702 712
575 192
503 37
454 619
900 481
679 102
493 15
494 280
756 939
795 557
248 942
946 659
963 755
949 300
679 247
683 240
240 72
317 402
65 185
122 826
17 318
270 24
74 697
598 258
974 77
356 639
48 824
680 537
678 4
293 106
647 891
988 223
361 828
583 121
179 79
108 31
792 822
652 566
776 153
696 466
880 95
933 43
239 820
10 882
651 113
875 212
895 867
809 230
4 384
23 164
406 20
410 91
356 947
433 202
240 732
849 834
810 728
639 21
487 488
235 339
992 822
296 749
101 614
103 216
958 961
969 202
991 825
741 598
959 360
525 341
230 37
915 649
399 536
861 477
936 940
665 114
764 520
671 76
835 800
305 323
132 756
224 893
723 277
372 429
889 637
873 384
682 678
241 478
708 86
508 901
141 959
589 213
112 225
836 306
87 232
517 921
955 580
631 495
601 552
820 846
584 448
702 366
63 464
216 505
713 875
40 679
275 192
5 87
305 503
119 89
126 943
986 148
331 105
260 59
664 88
303 135
216 279
645 168
153 746
78 849
445 82
761 980
146 704
410 963
967 45
456 917
146 209
130 714
38 451
359 82
852 787
446 612
622 198
198 133
550 110
131 204
652 474
695 526
330 148
23 91
61 260
656 972
102 496
175 268
639 299
22 145
444 355
211 88
769 739
202 317
240 760
965 80
268 128
21 697
227 932
533 636
130 161
597 517
953 745
145 996
404 823
745 598
859 659
492 920
491 759
780 83
394 92
107 551
381 220
278 938
811 933
817 841
620 735
959 440
517 731
206 776
618 456
627 58
664 48
479 977
883 448
427 186
380 122
219 316
258 357
919 825
812 303
483 355
88 625
929 13
403 418
812 702
155 709
229 988
213 455
341 242
858 12
329 730
519 653
242 345
207 793
388 69
85 253
583 658
685 165
752 406
215 526
189 320
256 767
541 186
190 856
696 61
491 331
915 285
630 474
667 332
173 763
355 232
598 164
340 156
216 98
805 625
294 837
778 958
658 152
843 156
455 722
459 663
515 846
348 645
354 215
538 501
131 953
129 837
46 55
983 722
639 92
311 209
945 191
799 300
76 797
3 401
520 517
978 449
310 410
718 263
167 519
689 3
103 369
620 541
287 894
881 795
110 567
715 883
171 721
137 577
836 197
49 247
508 374
517 686
348 495
738 675
940 43
742 155
889 565
907 434
746 214
983 135
846 133
114 528
970 740
245 770
530 698
343 149
733 621
882 361
954 874
502 638
478 410
342 471
22 564
833 516
657 726
711 543
413 376
704 565
407 621
332 104
886 515
133 105
299 369
997 362
583 737
967 838
234 838
74 563
971 259
721 344
706 44
544 319
651 629
195 561
640 706
81 249
493 844
520 312
294 903
541 158
554 890
428 953
768 786
550 212
899 988
331 142
189 36
678 104
260 785
895 791
752 239
563 312
785 7
202 403
779 993
121 33
822 897
14 578
770 228
586 623
595 265
960 154
559 418
857 518
162 596
231 343
400 961
516 236
741 928
63 692
154 240
338 117
871 93
430 861
163 98
76 769
132 579
375 872
802 919
325 282
571 222
385 93
496 888
707 526
375 644
619 298
574 629
633 506
281 269
341 645
158 965
343 91
915 586
38 687
741 356
19 662
229 80
450 287
821 316
321 497
9 260
502 555
194 792
323 164
363 883
159 586
797 468
601 723
865 988
357 333
677 814
20 371
811 24
527 364
125 692
454 616
129 653
39 390
460 217
65 783
746 546
801 243
906 249
750 206
364 893
476 839
421 194
332 483
139 913
963 643
469 214
768 403
916 523
645 179
60 501
632 856
869 597
429 712
13 777
424 472
597 187
545 976
203 372
701 237
904 849
487 180
828 208
23 54
157 992
818 922
191 581
430 44
378 869
62 667
653 44
710 39
123 923
452 819
518 511
74 205
978 359
101 532
743 165
103 74
399 837
41 557
35 75
494 360
873 357
893 890
931 5
440 616
316 306
153 389
580 356
358 382
453 602
738 257
605 153
738 760
632 107
765 145
487 943
181 320
464 188
732 842
931 496
24 596
699 892
891 139
372 588
398 370
788 62
494 219
612 282
647 261
673 138
513 865
518 498
739 676
856 923
964 558
221 887
781 757
14 220
252 383
364 865
327 111
934 477
900 583
481 603
43 700
652 870
362 270
801 414
730 85
294 975
170 329
874 805
467 393
503 479
1 813
878 761
810 377
973 667
333 828
762 926
602 711
348 563
667 385
904 845
198 384
518 856
266 765
179 840
681 398
476 286
701 979
25 370
188 138
562 443
818 17
13 497
839 933
932 284
495 915
796 632
258 458
535 221
743 668
391 197
179 663
935 904
537 489
466 153
999 257
33 538
162 382
879 735
955 899
977 291
405 202
408 34
465 471
910 873
993 985
776 929
216 565
559 926
394 44
596 613
119 504
894 666
436 790
509 744
955 498
741 13
816 860
835 72
582 823
794 672
354 538
25 746
251 448
797 543
359 783
621 696
638 750
91 889
536 154
575 27
940 388
63 503
247 122
263 753
273 38
233 536
657 770
441 715
596 889
568 154
494 576
459 831
958 499
854 160
322 369
697 513
201 608
492 33
216 99
421 508
596 462
373 979
672 406
250 142
178 227
87 785
297 311
339 972
636 590
32 932
587 146
934 901
294 548
723 946
406 98
923 180
302 51
175 291
657 480
628 637
633 929
67 967
230 305
70 206
348 932
370 684
477 200
461 707
816 478
642 927
855 405
617 518
529 209
735 559
361 448
822 375
550 934
20 693
58 480
727 462
750 917
873 462
994 891
569 287
332 933
354 877
204 789
197 541
381 336
608 156
977 41
371 806
637 31
765 458
566 5
289 111
197 686
539 907
42 353
43 56
707 81
380 159
273 563
608 506
111 281
902 138
789 524
955 573
958 141
227 133
389 254
360 866
972 89
815 509
364 302
89 213
87 614
143 304
647 896
319 595
754 368
294 791
772 555
887 396
839 41
37 127
734 826
306 80
696 312
456 573
826 450
784 811
378 846
732 657
587 190
59 359
991 656
386 205
62 764
249 987
691 236
623 965
383 416
884 763
315 192
472 933
783 821
880 866
281 65
652 80
548 1
162 708
253 644
645 982
975 371
816 216
672 860
989 339
441 357
767 578
293 865
202 822
955 348
833 852
745 96
69 866
754 154
242 986
336 411
502 552
694 938
16 717
891 440
206 334
29 250
163 564
251 950
512 220
441 658
617 489
33 916
611 263
939 268
388 30
652 835
682 148
653 227
255 740
282 323
481 242
764 366
123 350
839 124
786 8
536 543
421 35
133 511
961 22
834 284
66 946
505 146
757 900
294 642
761 321
505 3
178 171
343 871
749 288
790 418
655 123
830 931
675 638
800 281
539 31
500 177
784 934
468 343
537 754
50 851
201 197
510 89
936 880
790 127
651 423
395 229
789 317
537 268
799 322
615 127
871 209
339 448
858 720
534 483
174 635
439 869
529 545
920 162
115 86
263 200
638 902
695 197
552 621
29 753
591 276
205 121
902 417
621 945
693 292
15 712
401 684
589 211
312 257
244 256
502 564
176 464
616 61
570 128
842 877
682 966
404 110
333 358
315 999
450 2
933 599
113 964
460 111
726 374
104 129
271 129
864 651
424 520
706 226
856 523
485 669
783 139
71 101
75 110
701 302
776 91
456 919
221 649
458 205
494 647
353 497
575 698
450 768
657 217
383 181
79 652
300 687
778 875
415 654
771 510
279 207
286 761
197 450
948 526
533 664
145 303
884 652
650 836
761 191
71 344
84 980
255 399
236 767
678 482
535 111
280 720
443 172
465 308
581 142
529 413
771 954
615 99
746 990
31 498
659 829
931 32
662 176
665 76
524 177
766 100
738 669
44 14
489 361
896 167
924 717
120 459
237 908
595 598
849 10
699 520
542 70
643 813
130 872
829 554
61 640
704 977
808 763
381 655
419 910
313 407
925 360
449 87
602 23
588 230
327 82
385 915
152 898
66 216
342 494
651 850
566 533
881 197
957 168
260 168
819 187
584 788
970 309
583 67
458 112
60 156
524 563
692 969
107 155
231 89
870 516
657 487
895 83
880 232
6 724
62 848
947 426
254 440
36 75
535 115
426 875
690 504
799 302
306 497
733 54
917 319
496 975
225 263
889 872
192 456
28 870
253 209
558 194
167 513
594 239
222 692
324 931
764 707
516 866
797 571
746 69
837 298
875 225
660 373
646 832
629 904
343 38
401 731
882 276
632 275
264 557
821 343
609 250
630 969
794 913
637 143
711 648
587 902
588 469
950 276
60 798
260 328
461 535
462 946
838 789
821 105
184 98
39 412
62 71
618 607
808 727
39 365
612 49
740 462
632 719
811 467
854 50
915 458
769 164
402 139
386 516
497 271
635 97
528 869
506 55
930 661
74 275
41 490
89 866
913 174
255 289
916 593
869 756
126 598
307 472
348 756
131 6
174 936
460 373
109 557
630 113
596 193
923 147
608 543
202 480
993 491
614 549
61 443
118 692
785 295
269 654
453 177
63 688
240 514
224 135
165 253
745 555
62 991
486 59
949 689
895 341
625 689
461 887
318 960
64 751
998 748
233 232
201 266
129 37
992 11
831 514
430 564
281 354
814 820
29 516
283 828
140 739
534 439
628 22
828 592
25 869
707 897
194 628
789 107
205 84
388 564
741 354
634 786
690 544
788 437
703 826
9 266
125 782
992 795
612 352
925 157
621 750
290 660
38 798
42 469
502 715
809 525
656 328
973 258
631 298
912 770
197 632
502 129
565 249
877 55
933 869
200 887
455 481
477 681
563 472
235 891
92 768
387 238
338 640
464 971
51 29
948 277
606 297
942 751
675 912
32 894
369 723
580 787
176 585
18 893
624 87
435 408
753 693
936 83
257 723
495 520
244 776
979 215
641 546
349 83
478 617
205 19
512 817
784 69
34 444
162 745
550 924
292 868
367 288
349 373
443 240
287 931
970 739
52 807
441 279
828 645
618 49
54 69
42 629
693 429
461 125
46 553
324 459
586 546
208 292
779 169
4 549
487 830
91 113
418 259
259 797
556 29
6 506
1000 175
