16

285 190
91 191
191 160
82 192
192 163
68 193
193 133
120 194
194 67
118 195
195 10
114 196
196 183
8 197
197 129
82 198
198 164
44 199
199 133
95 200
200 120
163 201
201 112
57 202
202 4
168 203
203 1
171 204
204 186
25 205
205 94
72 206
206 112
72 207
207 67
86 208
208 130
147 209
209 100
157 210
210 160
146 211
211 179
98 212
212 81
88 213
213 119
17 214
214 135
7 215
215 140
18 216
216 165
98 217
217 58
5 218
218 30
156 219
219 100
168 220
220 151
39 221
221 65
33 222
222 59
158 223
223 118
8 224
224 169
156 225
225 180
58 226
226 16
182 227
227 126
174 228
228 18
15 229
229 142
161 230
230 1
119 231
231 115
83 232
232 18
86 233
233 120
60 234
234 16
54 235
235 103
164 236
236 184
92 237
237 6
143 238
238 155
76 239
239 52
190 240
240 143
149 241
241 189
136 242
242 178
36 243
243 3
108 244
244 69
22 245
245 166
54 246
246 159
113 247
247 4
8 248
248 99
28 249
249 177
77 250
250 112
161 251
251 5
69 252
252 85
93 253
253 163
63 254
254 33
103 255
255 3
1 256
256 120
24 257
257 168
26 258
258 155
186 259
259 154
53 260
260 54
24 261
261 153
92 262
262 79
175 263
263 55
116 264
264 69
147 265
265 151
156 266
266 165
57 267
267 145
188 268
268 118
92 269
269 175
135 270
270 95
143 271
271 164
35 272
272 120
30 273
273 151
134 274
274 165
55 275
275 57
169 276
276 97
130 277
277 126
151 278
278 175
180 279
279 37
63 280
280 62
103 281
281 8
178 282
282 79
68 283
283 79
37 284
284 110
149 285
285 24

290 186
72 198
198 130
99 199
199 53
116 200
200 46
77 201
201 151
72 202
202 109
173 203
203 74
112 204
204 124
111 205
205 82
154 206
206 146
81 207
207 192
15 208
208 33
61 209
209 44
7 210
210 70
78 211
211 107
164 212
212 48
120 213
213 45
75 214
214 88
174 215
215 105
13 216
216 191
83 217
217 115
120 218
218 81
81 219
219 52
155 220
220 144
85 221
221 105
162 222
222 88
105 223
223 179
152 224
224 138
102 225
225 8
73 226
226 195
182 227
227 144
170 228
228 111
80 229
229 57
121 230
230 119
190 231
231 76
147 232
232 137
187 233
233 152
89 234
234 19
80 235
235 29
22 236
236 36
80 237
237 32
114 238
238 118
101 239
239 34
77 240
240 192
74 241
241 75
88 242
242 19
105 243
243 28
72 244
244 104
104 245
245 157
79 246
246 7
32 247
247 137
53 248
248 45
137 249
249 103
48 250
250 75
66 251
251 139
76 252
252 147
54 253
253 94
72 254
254 164
139 255
255 170
81 256
256 83
49 257
257 106
136 258
258 11
122 259
259 195
106 260
260 192
64 261
261 185
163 262
262 42
78 263
263 100
177 264
264 174
133 265
265 68
79 266
266 77
26 267
267 52
28 268
268 73
116 269
269 30
21 270
270 111
105 271
271 24
155 272
272 157
91 273
273 47
39 274
274 36
19 275
275 25
71 276
276 166
191 277
277 129
96 278
278 1
119 279
279 133
20 280
280 150
60 281
281 151
177 282
282 94
100 283
283 158
132 284
284 192
161 285
285 85
137 286
286 52
79 287
287 35
57 288
288 25
141 289
289 38
63 290
290 87

255 190
47 161
161 152
138 162
162 52
84 163
163 147
61 164
164 82
43 165
165 25
153 166
166 81
19 167
167 91
87 168
168 13
109 169
169 32
73 170
170 26
107 171
171 135
19 172
172 24
11 173
173 145
130 174
174 156
52 175
175 1
28 176
176 66
65 177
177 71
127 178
178 30
157 179
179 81
96 180
180 149
7 181
181 140
39 182
182 88
131 183
183 94
18 184
184 26
115 185
185 34
24 186
186 108
63 187
187 35
100 188
188 113
29 189
189 43
124 190
190 111
98 191
191 67
17 192
192 112
144 193
193 120
135 194
194 151
27 195
195 160
134 196
196 18
108 197
197 81
33 198
198 94
158 199
199 6
159 200
200 82
38 201
201 128
125 202
202 99
129 203
203 65
146 204
204 128
152 205
205 145
77 206
206 122
60 207
207 87
121 208
208 33
21 209
209 90
135 210
210 134
9 211
211 54
71 212
212 73
95 213
213 33
55 214
214 48
97 215
215 140
64 216
216 56
100 217
217 77
55 218
218 99
1 219
219 70
80 220
220 83
104 221
221 46
101 222
222 68
30 223
223 35
13 224
224 18
35 225
225 78
102 226
226 142
87 227
227 62
127 228
228 8
89 229
229 18
29 230
230 128
160 231
231 146
158 232
232 60
135 233
233 95
7 234
234 148
4 235
235 9
112 236
236 31
101 237
237 145
149 238
238 34
37 239
239 79
148 240
240 9
55 241
241 65
149 242
242 81
17 243
243 133
127 244
244 115
141 245
245 51
137 246
246 16
160 247
247 48
88 248
248 66
143 249
249 83
24 250
250 95
123 251
251 88
100 252
252 62
155 253
253 49
16 254
254 62
36 255
255 126

279 200
140 180
180 85
20 181
181 86
88 182
182 134
133 183
183 103
69 184
184 152
96 185
185 11
77 186
186 138
67 187
187 175
43 188
188 42
147 189
189 18
142 190
190 109
99 191
191 166
171 192
192 24
58 193
193 25
14 194
194 156
11 195
195 42
9 196
196 123
59 197
197 142
169 198
198 149
166 199
199 3
33 200
200 96
167 201
201 175
16 202
202 100
25 203
203 44
7 204
204 127
175 205
205 178
133 206
206 155
88 207
207 1
15 208
208 122
83 209
209 50
6 210
210 104
72 211
211 170
140 212
212 120
26 213
213 68
23 214
214 65
128 215
215 94
97 216
216 171
164 217
217 65
43 218
218 51
146 219
219 1
157 220
220 146
174 221
221 4
66 222
222 128
51 223
223 126
148 224
224 141
142 225
225 147
71 226
226 109
130 227
227 20
22 228
228 139
37 229
229 40
96 230
230 82
82 231
231 166
55 232
232 160
11 233
233 143
69 234
234 4
63 235
235 177
7 236
236 179
82 237
237 83
103 238
238 10
40 239
239 27
78 240
240 176
137 241
241 58
35 242
242 99
170 243
243 39
98 244
244 72
148 245
245 27
114 246
246 176
33 247
247 168
19 248
248 126
136 249
249 37
81 250
250 17
80 251
251 108
58 252
252 55
9 253
253 49
159 254
254 135
12 255
255 30
117 256
256 51
164 257
257 73
124 258
258 158
77 259
259 152
103 260
260 6
110 261
261 142
22 262
262 110
4 263
263 122
79 264
264 41
1 265
265 95
43 266
266 94
166 267
267 63
99 268
268 158
141 269
269 177
45 270
270 52
119 271
271 163
77 272
272 158
24 273
273 20
54 274
274 57
28 275
275 21
94 276
276 100
156 277
277 172
46 278
278 157
84 279
279 80

335 1839
91 315
330 240
186 93
48 86
239 208
61 38
27 122
221 129
262 101
335 296
300 331
14 162
301 281
32 77
292 44
315 133
231 41
291 236
296 225
188 311
101 216
247 105
238 291
152 74
321 152
12 129
179 221
277 35
284 324
124 13
74 156
193 247
10 245
255 172
295 272
175 48
239 87
24 28
63 133
137 214
197 313
35 105
276 261
332 311
188 44
264 47
229 291
285 60
244 234
74 135
57 69
205 314
333 197
175 72
220 236
2 91
166 261
136 32
83 28
177 231
208 256
154 324
246 317
40 308
27 197
23 106
229 300
301 207
145 213
39 106
5 150
154 102
322 58
214 244
16 11
144 80
317 160
41 166
119 62
104 269
257 49
227 73
300 113
230 246
90 102
1 52
243 73
256 102
2 45
333 189
81 247
83 42
304 269
108 98
290 50
156 35
251 231
142 122
90 299
163 211
19 237
260 1
248 276
188 59
235 254
328 97
75 2
241 203
243 78
189 22
173 188
128 126
54 10
190 111
88 38
289 302
117 54
175 325
166 71
161 18
163 274
311 186
187 77
50 128
94 116
3 266
210 102
326 27
329 261
311 88
102 71
221 24
257 4
114 250
62 218
273 70
144 45
238 43
296 291
248 145
193 173
15 33
292 311
78 142
300 198
69 308
92 32
331 50
84 128
268 110
22 69
98 311
246 50
160 297
179 119
289 320
272 248
148 80
314 184
150 249
79 13
318 213
234 38
219 77
185 205
259 92
245 200
9 181
108 264
173 271
266 281
289 232
237 317
332 10
152 235
6 335
139 272
13 311
57 306
57 229
148 95
150 240
106 212
53 273
256 200
114 148
132 128
321 89
107 127
25 251
228 99
7 91
153 323
310 20
76 175
114 118
169 46
25 305
98 15
282 307
87 83
193 111
46 315
170 103
141 146
217 97
148 271
59 265
320 278
285 253
89 95
198 267
240 29
3 222
22 110
99 287
151 334
211 35
177 215
34 229
42 335
273 130
23 58
280 204
66 293
46 322
179 34
53 74
309 261
74 193
147 13
76 221
101 163
285 316
54 251
221 159
27 7
101 52
222 166
120 93
139 229
143 160
93 139
115 162
71 9
273 82
313 254
97 57
117 182
83 122
73 48
37 26
251 132
181 245
255 82
111 116
305 30
77 4
21 18
223 74
335 123
67 332
231 58
221 96
224 204
213 294
274 234
295 245
150 151
227 214
51 292
127 140
192 67
66 251
78 36
209 286
63 79
48 87
69 148
234 302
55 268
166 273
97 75
98 187
194 29
183 61
246 146
303 274
329 198
295 324
28 11
311 323
314 30
335 73
266 157
285 218
197 104
9 8
124 213
229 280
63 159
288 64
52 25
91 78
256 185
224 56
226 321
33 73
166 124
109 169
182 97
95 106
171 71
134 329
140 96
88 273
270 313
8 189
318 5
286 82
256 1
293 132
59 1
275 271
3 115
39 298
117 113
301 266
175 273
305 274
108 335
326 231
151 26
2 169
257 87
190 232
271 105
280 31
142 307
94 40
305 145
98 55
200 97
70 89
45 39
13 62
255 127
228 83
129 101
23 218
103 8
34 186
18 288
98 95
56 2
40 273
23 13
280 149
228 203
249 74
67 79
322 221
170 223
264 197
128 178
57 268
169 130
60 303
162 81
310 276
183 30
24 254
100 293
85 130
158 157
62 178
320 317
179 225
258 40
169 89
226 26
27 87
198 220
274 59
275 238
228 249
166 201
255 106
25 30
300 96
21 74
27 191
136 294
62 294
269 214
56 168
168 332
115 16
319 186
159 118
244 139
274 50
314 294
156 50
303 205
234 68
289 108
72 332
149 29
65 72
230 152
175 306
143 238
110 119
333 300
119 317
160 275
55 137
169 75
334 320
118 102
87 71
287 74
109 86
19 146
296 66
73 253
209 189
155 153
66 139
328 8
298 310
64 93
214 185
65 59
170 179
278 48
32 229
217 303
145 58
248 61
245 249
240 258
43 154
118 295
265 319
198 80
329 49
113 229
97 163
26 225
211 167
272 97
146 304
70 210
167 202
7 86
283 60
33 226
17 104
199 309
331 264
254 37
42 3
137 237
217 31
183 232
166 96
23 148
154 37
265 254
302 85
85 81
164 94
153 235
199 195
95 329
63 197
265 150
302 237
140 248
255 55
132 31
261 226
135 2
121 55
194 135
166 234
149 162
260 302
103 80
196 310
114 83
256 40
128 246
182 272
26 331
136 114
325 264
74 127
79 188
209 298
224 319
50 266
159 262
80 168
109 51
1 170
258 315
62 251
69 272
141 131
90 183
71 123
185 89
209 291
119 288
283 107
72 80
92 326
92 179
20 269
7 186
173 131
31 229
57 333
297 228
227 208
172 138
72 16
96 111
298 141
64 24
263 39
216 270
161 104
260 193
270 293
131 180
225 213
136 152
299 324
106 48
161 315
108 153
18 228
58 319
281 212
249 21
68 244
34 292
163 325
163 152
150 77
27 207
78 84
9 6
117 320
237 88
293 326
302 161
286 319
146 40
306 239
313 167
22 147
321 3
213 241
292 189
147 161
78 95
324 315
142 294
143 92
37 141
198 9
146 174
184 146
247 137
122 287
234 142
186 109
149 103
175 77
274 180
88 274
34 169
313 281
287 54
10 142
66 35
58 146
286 297
37 142
183 163
219 314
256 288
313 177
333 270
7 73
220 238
133 119
61 108
142 304
199 250
271 153
314 259
227 245
322 195
197 288
245 52
73 310
30 164
233 56
160 264
75 231
264 310
156 183
287 81
310 274
223 249
90 302
327 79
28 224
210 241
85 105
317 70
104 88
141 291
165 18
324 6
160 242
333 70
281 2
82 326
101 250
106 320
162 110
109 106
267 171
114 256
205 12
116 56
144 162
115 151
80 271
183 64
194 283
181 84
37 64
238 142
202 16
78 301
242 10
133 260
272 232
49 167
109 133
186 8
97 8
80 64
321 298
240 75
13 208
179 152
112 149
185 193
197 260
18 44
17 30
42 166
247 308
174 12
88 333
291 208
188 184
191 221
126 148
19 36
96 268
117 260
136 200
28 283
47 41
107 313
71 10
322 318
178 27
89 217
108 216
75 90
39 277
242 60
232 122
236 126
274 37
99 29
6 35
118 292
252 13
115 319
254 328
32 328
286 24
200 217
206 286
299 159
305 127
103 259
4 68
109 316
262 254
29 76
308 133
124 189
218 182
238 173
100 182
228 323
121 271
12 234
195 245
320 148
162 174
208 202
201 304
2 246
131 307
152 251
5 236
121 167
328 327
221 132
131 209
316 179
154 274
231 288
204 211
207 267
65 179
190 77
322 258
162 325
71 125
148 272
52 225
90 92
58 5
313 251
143 170
172 253
120 310
263 214
286 13
148 118
77 184
309 37
229 222
309 86
258 126
53 262
156 303
293 29
151 147
71 152
242 317
105 184
182 227
203 170
332 11
245 86
156 124
17 290
181 100
114 9
169 255
279 301
232 68
189 85
124 193
179 163
217 276
20 79
223 159
100 170
180 194
328 203
217 304
134 194
330 185
15 325
46 176
23 261
118 141
289 132
174 183
178 193
294 230
107 257
327 106
313 53
120 116
141 173
74 144
23 258
25 167
333 199
104 125
51 205
128 285
76 195
297 77
316 255
205 129
331 138
38 131
242 294
278 295
209 108
300 317
160 29
269 96
146 32
169 276
85 93
331 161
330 225
29 59
291 150
129 154
60 284
195 137
62 12
137 256
85 245
160 20
70 60
54 335
165 269
76 275
77 38
150 297
324 116
238 11
9 175
29 52
286 200
71 228
151 204
85 269
216 9
200 280
296 151
319 17
21 204
27 317
63 28
152 169
49 179
12 257
71 76
199 27
219 306
312 144
42 281
50 329
226 229
332 66
153 286
287 80
294 2
220 4
183 176
223 9
138 275
175 289
18 83
309 133
242 104
62 280
140 15
196 188
333 69
299 189
156 143
305 170
43 220
326 191
107 44
166 210
44 96
7 108
81 156
231 15
102 240
270 138
299 195
246 206
326 182
256 158
115 244
193 56
176 80
4 276
182 90
75 60
152 153
81 230
279 31
55 35
187 107
137 248
86 181
161 191
126 76
167 289
67 181
86 292
201 331
312 172
148 229
195 194
192 120
73 111
184 102
58 214
9 93
290 262
31 162
245 111
119 31
139 197
259 274
132 44
171 123
11 15
73 135
93 220
242 224
189 62
100 50
173 164
313 131
315 58
108 50
220 270
296 75
134 245
320 81
106 123
234 180
148 260
60 19
50 217
72 54
271 53
255 144
93 213
77 315
101 33
211 22
330 256
12 29
77 173
9 79
119 124
233 323
88 5
36 250
220 79
79 132
156 25
305 207
269 278
22 251
66 321
284 245
50 208
287 269
313 232
244 174
281 279
237 121
274 334
95 314
117 286
136 254
240 306
257 244
259 307
206 145
283 313
118 311
49 106
31 46
60 33
214 192
309 313
168 130
47 95
196 304
168 273
262 16
16 229
77 328
203 191
165 247
97 180
119 293
176 106
234 304
198 257
113 287
151 170
88 107
179 84
53 248
68 208
322 235
86 112
269 123
203 180
294 77
31 99
82 85
233 199
305 242
272 79
36 56
56 289
131 177
80 18
46 209
143 67
112 72
204 115
143 298
212 19
307 257
326 111
41 282
39 259
279 202
91 294
91 237
273 258
240 182
332 209
226 290
7 28
197 99
239 215
9 3
262 5
158 186
179 284
72 311
83 303
283 202
73 280
78 43
52 255
54 80
7 11
179 171
199 265
164 317
37 9
222 15
154 328
233 297
36 268
166 45
206 244
249 28
12 277
160 118
281 332
195 329
93 4
277 333
266 107
81 24
178 72
182 245
112 204
148 333
204 239
27 302
300 128
12 268
305 286
80 96
292 87
186 107
334 163
9 165
63 126
287 220
329 46
113 316
226 117
191 282
174 198
51 66
252 276
226 228
250 238
192 159
39 295
60 99
152 168
89 98
327 232
170 232
9 180
61 165
239 235
8 274
249 213
68 308
215 82
21 277
168 60
301 203
142 31
143 151
183 299
173 326
67 274
32 272
52 219
104 226
178 226
268 173
201 150
135 159
277 58
258 44
93 104
221 83
160 203
200 263
202 23
203 239
258 334
335 273
252 235
109 249
51 128
65 38
70 177
200 64
251 195
69 103
289 177
333 125
136 220
102 241
304 151
220 27
24 235
10 329
211 149
144 42
140 290
1 26
296 288
171 157
19 33
224 247
246 87
305 74
14 228
15 85
272 285
93 288
118 296
68 206
241 249
332 16
333 158
38 81
123 253
180 108
175 230
139 33
53 267
282 152
113 225
305 65
187 208
79 294
100 162
307 1
75 45
147 225
104 182
32 248
56 35
108 51
145 63
155 226
321 171
266 35
322 132
53 276
4 261
155 300
148 261
176 70
231 21
57 120
221 31
117 222
119 206
321 307
20 283
123 318
16 89
293 200
24 41
315 55
151 254
119 127
29 147
46 152
130 311
132 140
227 6
212 111
165 196
168 13
278 86
26 247
154 32
50 209
306 167
253 97
218 5
238 192
183 282
314 231
335 147
173 149
102 261
303 59
87 293
126 143
222 41
242 270
98 11
151 247
7 274
324 150
91 104
277 248
279 147
303 226
251 149
144 254
163 225
187 304
27 228
109 96
46 245
241 229
134 262
196 305
33 241
220 175
131 211
203 190
283 230
66 234
238 99
331 210
143 212
129 187
25 263
118 41
112 82
230 75
251 163
94 303
282 118
213 227
309 266
237 285
6 303
51 105
221 148
245 163
284 52
168 90
82 77
84 86
142 57
310 69
262 216
234 291
309 275
202 264
6 221
316 272
106 172
280 182
85 216
204 301
296 22
311 236
12 287
308 243
93 153
283 122
177 297
308 98
204 19
106 302
266 97
17 59
210 121
229 102
52 30
309 62
186 254
171 53
301 223
251 182
17 274
272 38
94 256
30 182
288 299
235 161
36 86
164 99
59 159
136 196
227 270
328 89
142 293
279 84
120 14
83 130
175 167
144 270
41 199
134 178
283 219
144 200
173 28
23 277
170 315
135 81
32 200
328 260
110 60
97 89
197 238
298 221
250 239
86 148
252 223
19 221
169 259
260 17
102 52
232 19
175 285
196 57
170 233
47 152
68 115
217 197
55 279
275 110
59 173
99 233
155 11
104 252
1 276
30 66
36 314
114 211
242 28
64 126
84 113
235 7
329 78
22 187
80 94
23 214
81 299
135 71
13 284
54 61
20 306
77 244
8 175
172 200
156 178
170 54
189 310
20 85
192 11
228 268
174 320
126 89
113 196
19 328
43 202
79 333
82 35
173 301
321 23
49 170
287 293
98 227
260 150
103 61
125 112
221 82
297 175
102 255
123 70
254 10
112 154
276 229
60 154
102 78
175 187
144 165
184 177
21 220
205 335
260 14
62 182
302 58
325 123
145 186
61 235
333 310
18 295
128 141
312 15
315 42
244 252
124 327
125 250
199 226
68 150
113 101
59 33
167 256
212 84
220 20
209 208
196 29
254 239
170 205
43 73
216 120
82 234
119 147
188 85
281 224
320 69
106 119
72 187
245 21
196 4
325 109
238 44
183 270
224 272
97 6
23 335
45 297
11 153
140 54
215 14
110 288
30 260
3 48
119 25
167 120
143 243
255 149
37 290
59 82
48 10
322 18
34 213
76 5
316 161
14 247
88 175
255 13
313 116
171 114
111 308
149 34
12 31
35 198
112 46
301 20
206 285
42 100
178 185
324 168
328 171
118 306
255 10
129 63
8 2
45 131
310 233
3 220
81 183
284 273
121 163
329 19
238 176
227 161
282 316
121 268
35 92
218 292
331 79
208 205
264 4
46 316
305 198
324 38
108 143
236 215
6 233
285 318
199 295
274 250
220 277
76 50
9 127
320 9
199 180
77 13
97 268
86 238
14 123
144 246
182 135
292 54
29 91
271 2
39 38
45 160
6 151
55 230
131 219
295 194
179 272
252 297
218 310
330 121
132 220
92 24
132 9
190 206
228 5
143 220
1 72
165 79
189 89
103 66
124 280
19 83
61 159
100 273
195 63
90 324
16 31
161 108
235 37
143 37
296 249
6 210
320 239
121 191
181 328
310 307
20 74
311 110
316 91
63 291
45 84
105 33
330 107
331 107
28 9
160 113
142 1
169 229
126 50
230 164
68 7
234 299
327 321
171 278
136 329
138 85
289 266
10 171
112 120
221 229
150 163
155 212
202 89
203 93
114 167
86 91
136 232
155 286
211 288
157 121
14 87
205 258
200 309
42 256
261 92
247 103
19 102
333 47
136 138
301 70
72 295
328 252
156 68
329 67
114 333
152 185
48 122
103 17
308 113
327 311
22 25
298 75
271 156
38 322
134 27
46 258
331 30
120 133
73 254
308 262
165 155
59 319
243 65
192 220
215 255
167 135
108 300
270 39
175 319
23 96
300 112
283 168
25 324
119 278
123 262
220 302
8 283
100 225
252 292
167 269
298 204
65 207
83 152
108 240
2 261
326 257
246 40
273 36
170 107
137 243
46 279
6 186
182 215
96 20
261 135
70 183
76 138
121 253
11 106
220 247
87 76
245 154
290 257
295 16
120 161
283 191
289 223
166 200
100 15
246 58
174 120
51 56
290 54
222 51
324 265
54 182
148 63
135 132
159 2
250 235
92 39
208 113
139 94
253 84
254 322
1 17
170 181
151 288
46 78
260 236
128 156
167 160
43 267
318 212
160 210
1 328
83 257
323 184
327 47
245 201
267 154
270 320
238 52
5 328
8 228
216 57
297 138
9 75
54 128
96 65
21 313
118 312
307 155
18 26
166 98
259 211
287 257
62 290
249 281
302 269
106 280
95 318
80 184
103 174
291 32
224 13
143 223
103 319
3 39
144 249
270 20
110 38
185 73
287 270
260 300
310 153
140 44
242 268
138 232
66 126
287 44
201 171
207 234
222 190
121 73
216 318
162 326
120 196
48 161
213 223
300 151
1 125
263 213
322 124
247 318
97 177
79 230
47 205
63 311
275 75
103 220
179 193
1 32
54 149
131 195
96 86
41 224
27 334
106 83
168 253
78 68
153 248
153 307
331 306
150 159
67 98
295 82
268 45
167 163
163 145
255 32
325 44
131 293
187 320
317 18
191 146
79 118
1 79
194 5
124 281
51 107
37 4
40 248
40 333
278 266
149 288
52 39
88 228
276 277
126 49
55 111
20 51
207 8
207 229

328 1909
213 121
158 193
34 294
307 252
294 257
267 180
216 130
141 264
255 190
100 199
89 293
164 305
75 259
162 164
91 118
186 245
209 135
74 149
192 200
302 125
328 280
128 282
20 280
294 139
315 242
194 23
30 220
216 56
272 207
297 217
88 258
102 169
86 152
34 114
274 110
64 107
247 320
247 143
216 225
287 323
143 133
117 222
152 179
208 48
79 280
302 215
196 68
74 239
295 272
117 139
288 124
198 243
291 98
79 195
192 56
247 23
286 299
110 224
117 114
263 9
283 256
230 196
175 278
268 84
254 309
199 33
146 175
312 134
3 129
283 259
48 123
69 128
166 261
298 72
137 78
263 303
50 290
196 261
275 216
277 196
11 303
192 174
263 6
232 21
213 29
200 62
308 263
255 205
96 255
190 146
46 40
35 313
145 102
219 251
113 298
59 175
268 177
226 250
86 173
72 129
4 112
205 230
281 187
127 138
86 284
215 262
142 226
53 18
62 277
161 174
179 27
327 292
294 183
150 221
173 212
13 160
17 37
18 173
275 230
134 10
63 176
138 217
286 284
328 18
106 187
261 157
10 322
175 301
124 17
272 4
127 36
146 152
3 244
213 144
159 308
276 313
128 136
298 37
257 325
298 180
119 12
68 180
42 20
270 54
257 3
205 152
267 118
196 16
234 239
235 247
143 230
194 218
30 155
72 109
238 147
82 241
64 214
65 216
248 104
90 192
74 83
313 103
5 308
190 319
73 153
256 257
192 313
94 174
321 6
305 79
87 68
241 39
139 192
109 232
95 21
194 189
210 249
324 83
325 107
291 215
152 228
207 75
68 88
87 283
112 50
14 242
192 105
119 27
265 312
165 223
194 188
50 218
89 77
217 128
54 103
309 229
241 247
3 208
227 197
151 312
122 51
322 16
217 305
293 204
117 264
317 214
268 318
15 164
54 129
160 26
301 141
34 264
24 310
187 234
135 10
139 79
255 156
188 286
244 163
263 230
159 25
214 37
222 37
7 278
301 117
88 9
215 30
200 301
273 137
81 94
228 155
103 318
305 195
141 146
294 282
67 172
152 249
75 173
166 324
24 51
245 213
268 300
223 147
156 108
91 154
75 68
261 236
263 71
85 35
58 167
198 258
62 301
121 170
237 144
142 325
220 170
80 183
316 72
317 225
237 166
121 283
35 71
163 26
281 203
264 13
283 302
216 262
217 115
254 279
168 254
206 15
135 113
139 114
164 74
240 11
311 229
78 69
156 2
118 44
192 275
155 195
276 159
206 231
81 65
46 155
156 98
49 152
234 148
146 72
169 249
24 223
142 164
310 240
226 109
194 2
256 60
222 1
295 245
257 78
202 85
205 200
26 167
318 313
260 207
65 49
29 43
140 114
144 117
93 14
25 278
155 32
33 153
268 303
189 278
227 223
232 146
86 134
108 151
168 68
222 155
25 48
283 309
264 101
269 303
74 252
75 96
282 71
217 247
113 262
222 96
30 221
196 272
224 73
297 216
228 222
123 23
288 64
108 142
99 4
274 66
60 105
63 236
139 296
230 194
294 304
170 319
73 67
327 312
221 75
97 69
300 248
320 255
103 107
73 44
299 229
85 247
105 150
240 222
23 108
249 41
37 272
39 108
170 294
151 264
45 208
32 203
18 297
55 283
61 48
251 123
56 123
76 70
223 241
209 88
63 141
65 294
104 263
88 193
289 64
5 323
259 130
188 36
282 33
321 26
230 252
317 191
250 130
178 304
76 125
65 319
151 179
211 228
171 29
229 239
218 80
58 76
25 189
303 20
307 81
117 260
13 277
225 147
8 285
64 170
264 316
232 245
323 222
253 257
115 288
48 146
284 152
216 254
57 95
152 325
51 44
135 98
238 137
98 81
141 47
324 261
182 314
204 184
314 287
227 233
65 265
45 259
173 291
158 279
287 303
16 4
84 324
51 53
37 74
276 138
167 172
151 214
9 86
251 7
244 266
282 146
137 250
236 301
168 21
278 78
120 134
200 91
273 123
99 185
47 185
123 303
159 293
327 274
198 251
317 195
176 179
177 59
86 95
288 2
167 314
108 223
143 317
222 286
223 99
210 212
284 46
193 23
164 324
313 216
210 118
51 3
270 238
127 276
56 182
55 134
114 314
187 180
149 248
238 48
280 73
209 37
306 79
91 25
61 215
248 119
250 272
166 105
53 55
263 91
49 256
217 135
64 199
26 16
9 248
302 264
200 216
132 242
82 219
103 179
318 283
255 290
75 73
277 99
320 272
179 92
142 201
201 70
255 159
2 145
55 252
222 42
268 310
202 62
40 173
46 135
252 2
90 286
19 278
20 136
101 296
145 156
137 61
79 209
179 278
111 97
186 264
250 301
141 138
70 112
309 78
147 159
242 35
102 131
162 153
95 49
259 187
315 295
27 241
121 193
14 68
132 327
290 158
10 234
46 115
73 55
202 216
297 228
299 248
155 194
112 165
81 64
299 9
18 124
32 142
38 123
172 99
234 292
327 155
4 206
150 37
272 98
248 68
55 248
6 105
312 260
41 208
24 184
99 19
69 258
71 105
129 24
297 52
315 309
213 232
118 63
11 173
12 53
219 240
128 79
137 279
101 46
222 327
118 276
301 279
233 180
145 224
110 71
193 252
177 301
274 279
41 32
195 129
217 82
221 226
207 324
246 289
269 97
311 298
318 296
157 118
255 217
177 147
34 169
145 106
152 36
118 9
66 35
30 197
13 179
157 222
44 235
101 278
211 247
234 137
104 76
20 296
294 187
167 139
226 14
42 237
263 297
266 31
124 228
163 86
275 295
133 152
138 213
214 296
76 265
39 290
70 65
4 26
316 321
317 77
47 164
105 101
320 316
59 161
314 155
9 34
23 27
53 297
314 266
264 112
249 73
217 48
35 25
327 79
79 320
245 61
215 256
307 35
73 319
5 157
231 79
269 163
36 79
235 281
56 10
75 294
20 112
320 116
125 298
258 4
76 319
26 138
281 130
45 169
170 162
196 43
198 307
76 142
77 280
244 319
319 303
221 117
125 12
227 155
193 322
266 8
250 149
77 122
162 237
232 253
324 216
309 103
187 192
261 132
284 299
302 62
97 8
170 283
154 113
42 160
181 275
162 78
136 278
191 293
103 135
160 199
252 136
52 93
142 268
220 97
260 98
192 29
67 37
19 253
257 26
121 26
52 268
159 151
56 193
115 107
188 184
45 300
216 124
296 180
133 84
64 176
181 141
56 31
103 58
85 156
312 195
257 19
281 149
266 284
140 163
307 63
1 22
93 221
98 309
54 106
303 43
306 262
308 38
128 159
274 146
247 83
14 240
225 303
79 188
85 165
161 74
279 166
43 42
320 282
213 193
90 67
73 137
27 133
269 192
290 71
151 252
281 69
157 277
128 5
256 202
151 109
109 216
327 33
82 189
49 305
141 232
90 74
236 221
114 116
297 103
213 256
76 56
166 323
150 137
172 158
89 149
223 200
118 310
231 184
236 274
110 161
317 4
29 69
161 53
290 230
242 184
322 96
303 211
281 87
98 78
14 318
71 315
26 328
63 205
200 16
317 29
119 298
247 273
264 220
52 225
168 136
52 144
108 21
249 153
230 85
86 115
52 7
256 223
38 246
83 286
84 77
231 174
161 86
19 295
228 26
249 320
197 123
172 244
123 149
179 90
37 24
295 254
64 234
13 31
87 120
166 50
259 163
299 8
231 167
17 290
53 41
318 186
42 314
261 220
118 193
231 52
124 82
288 283
110 226
56 295
238 222
275 80
302 300
264 8
112 78
59 252
132 222
9 109
301 87
175 151
161 247
74 6
3 30
24 185
284 160
310 94
183 196
100 115
238 225
301 32
209 214
29 218
322 68
51 117
1 259
112 69
185 145
94 53
62 119
173 5
234 117
256 164
41 216
23 88
144 223
236 160
145 298
133 162
301 323
218 44
207 156
217 245
83 245
31 225
151 190
199 263
280 130
172 299
162 186
309 57
55 126
43 229
247 136
33 79
142 12
297 37
132 292
80 253
6 277
138 88
241 179
76 73
158 224
300 239
263 320
255 112
258 170
80 283
48 239
2 167
312 208
98 211
7 1
124 118
18 295
115 54
229 2
54 215
257 140
209 94
228 206
250 232
271 265
158 102
281 183
320 289
18 88
147 209
314 41
143 5
274 257
14 257
200 287
183 3
138 221
113 198
206 211
142 225
116 271
194 199
195 239
184 81
168 320
206 312
280 111
125 227
326 173
113 293
262 280
231 246
148 215
312 46
233 41
296 168
220 289
7 310
262 58
214 116
181 186
182 312
147 262
20 120
228 251
157 161
148 12
90 196
182 124
245 14
65 117
221 53
186 9
188 162
9 203
318 95
265 81
322 2
9 84
155 21
288 260
252 310
108 83
241 35
223 215
139 204
159 1
19 252
44 82
223 100
98 328
65 78
235 225
249 266
178 323
9 93
235 271
78 316
207 310
137 225
230 6
4 87
115 313
299 78
46 227
237 321
184 307
95 167
150 13
208 4
262 156
327 261
12 74
178 128
16 299
179 233
301 145
89 123
252 14
325 192
261 254
62 172
213 192
142 196
255 144
296 276
225 69
174 142
290 68
279 106
319 211
162 138
202 53
96 69
260 88
244 69
235 71
314 119
49 194
303 75
263 227
127 260
98 10
117 286
134 84
154 197
101 15
49 25
250 177
215 27
307 228
171 110
118 166
28 90
216 170
21 117
9 180
29 245
162 45
71 165
57 244
204 125
242 264
156 248
31 134
204 263
46 321
103 304
218 103
112 312
235 274
223 65
121 62
312 79
246 29
120 13
214 74
75 272
312 62
226 201
218 147
317 254
255 86
274 6
9 312
47 161
232 207
323 152
129 12
111 217
22 140
291 304
170 156
48 43
122 46
216 39
275 187
168 287
281 32
321 137
232 167
141 41
179 202
222 89
165 249
297 49
303 111
146 214
213 297
48 34
286 124
202 192
76 93
153 118
245 280
101 35
227 328
17 220
199 161
130 277
39 237
187 147
102 2
157 98
32 74
91 215
303 116
33 45
145 126
237 197
239 220
99 144
56 43
274 224
130 166
137 168
14 283
76 286
295 124
45 74
266 322
323 143
182 250
183 220
258 72
42 301
219 232
204 9
132 318
122 59
252 285
75 316
295 228
245 191
300 241
309 56
310 328
224 59
260 41
99 3
253 160
1 37
38 98
80 111
117 230
28 140
145 104
1 86
3 301
229 24
239 83
147 181
6 80
279 82
107 171
20 212
84 105
303 146
144 206
129 97
113 164
98 208
190 239
192 218
54 37
239 235
280 98
317 163
266 29
18 183
149 320
108 306
17 184
18 198
146 19
187 191
64 125
191 42
321 31
267 71
39 253
147 208
288 308
295 87
220 300
77 245
155 1
106 327
311 73
116 39
264 114
212 69
162 283
24 157
260 6
26 129
64 116
265 213
303 160
182 73
66 195
9 41
88 35
31 269
89 270
82 138
67 57
58 129
110 249
238 8
116 93
8 126
140 176
145 187
91 220
114 87
260 327
206 74
231 70
215 136
274 167
136 220
237 242
219 122
4 296
260 101
282 140
234 88
199 112
242 8
176 81
33 99
181 91
313 211
267 308
201 28
34 194
294 165
7 302
106 278
195 109
235 265
128 50
130 151
296 94
326 174
327 52
40 67
280 284
284 233
109 305
92 212
4 248
170 183
101 130
211 11
213 174
15 45
57 292
314 189
31 173
159 120
37 193
6 46
65 280
322 316
252 240
307 144
17 157
247 271
6 150
119 102
161 223
142 284
77 99
265 316
233 234
69 313
5 238
89 81
61 271
99 168
180 114
272 258
165 24
62 197
292 7
222 271
260 232
100 82
291 201
46 189
168 156
242 191
50 160
55 145
299 67
173 38
270 110
40 144
186 268
299 39
323 173
231 11
72 37
310 227
175 21
127 268
37 20
208 308
133 182
82 200
67 123
144 299
110 319
39 268
24 166
325 186
91 158
313 136
167 29
30 303
227 274
211 44
122 36
269 233
143 69
1 318
221 155
303 259
323 10
288 56
181 232
78 123
272 254
135 220
277 269
290 135
16 54
76 208
318 109
13 140
287 136
271 185
202 199
136 297
121 288
250 203
13 29
159 66
175 298
113 46
211 220
324 18
254 258
57 44
154 81
208 64
117 10
196 84
16 45
144 114
291 312
61 40
211 58
200 254
223 153
244 50
320 29
11 262
162 166
201 321
58 314
60 87
228 187
157 97
82 85
323 278
270 307
231 126
108 124
53 210
238 285
203 272
96 310
115 49
125 181
184 142
208 175
45 73
285 37
13 96
80 266
57 62
216 142
290 154
299 294
318 6
17 60
71 129
237 78
41 182
61 171
157 324
175 167
31 98
161 135
81 63
183 167
186 249
207 246
58 147
93 235
111 252
8 210
192 196
28 141
110 60
183 325
323 94
31 273
193 276
157 219
182 205
224 51
116 65
117 125
237 37
74 128
129 96
167 55
189 6
154 24
282 85
231 90
51 221
243 239
131 34
64 207
1 225
66 219
325 137
93 253
152 134
63 111
262 64
233 61
13 284
41 24
99 238
197 208
238 313
227 187
107 152
26 142
27 308
72 21
174 40
261 32
156 282
266 189
267 313
51 43
112 11
113 294
294 168
239 216
225 151
279 11
264 288
221 280
60 154
264 122
322 208
141 119
72 141
146 2
20 226
99 62
324 99
18 72
110 105
28 145
315 238
322 9
325 12
290 62
274 164
310 165
130 234
263 273
177 13
323 58
185 189
225 281
79 162
209 133
178 100
19 249
147 92
303 177
200 88
18 67
327 207
238 87
116 287
267 250
37 118
154 306
100 157
229 36
314 290
233 255
180 132
74 92
3 88
193 55
234 211
98 140
246 60
52 176
310 183
221 189
295 289
200 117
104 223
123 109
126 234
149 141
288 287
205 52
282 153
125 306
185 56
299 64
139 84
94 216
10 203
102 264
194 41
285 158
116 97
271 95
76 5
24 35
123 98
52 46
35 174
263 36
205 45
63 211
246 209
49 126
72 169
291 195
68 76
165 60
77 138
134 83
304 293
324 168
71 326
25 77
233 210
57 113
182 181
147 149
115 210
26 244
217 140
114 115
152 247
276 24
208 318
16 283
144 309
3 39
302 241
305 198
168 245
202 268
135 126
157 13
214 198
38 29
321 268
89 205
271 170
310 302
277 159
64 159
27 5
157 228
209 157
269 268
110 175
203 14
186 74
242 95
117 7
247 274
67 325
164 243
223 261
187 10
172 248
178 211
36 130
112 83
315 93
151 4
190 33
324 133
20 43
138 154
142 55
236 182
65 58
211 71
69 173
14 296
20 265
25 271
194 4
86 30
145 19
185 319
187 47
150 145
31 118
16 213
165 278
258 197
301 180
289 23
148 289
7 30
282 126
137 232
265 111
266 103
75 256
61 152
282 167
255 70
59 110
117 97
279 182
247 328
139 22
231 217
14 76
144 219
70 284
258 79
199 294
210 161
47 315
214 226
145 124
117 328
101 217
257 260
289 266
143 83
168 271
5 94
137 283
307 273
127 176
72 19
24 131
136 18
300 139
166 178
4 41
315 155
287 209
238 239
148 166
167 145
29 208
65 303
162 185
41 198
141 163
253 190
80 97
99 146
154 30
45 210
253 47
18 299
44 14
28 317
127 209
257 136
8 71
59 117
245 55
111 121
312 140
147 106
209 260
321 322
50 150
273 42
75 226
11 212
124 224
287 84
53 300
224 92
167 276
298 197
64 192
85 251
1 132
186 136
173 307
86 287
238 17
59 308
278 22
10 301
156 284
230 319
125 118
110 122
81 240
321 244
178 301
223 229
227 254
300 293
46 268
14 128
127 84
255 99
61 294
249 257
256 124
32 225
173 206
31 271
213 102
38 162
136 166
248 96
13 43
187 207
304 97
306 134
127 34
260 321
267 196
16 313
217 328
111 58
59 32
228 230
66 178
208 122
176 83
73 154
127 43
151 299
194 212
90 73
9 89
156 152
35 163
209 191
173 81
68 185
203 108
223 97
188 197
119 325
174 16
139 94
123 255
13 319
245 251
123 108
20 9
42 26
228 148
113 231
279 247
212 285
32 139
52 265
309 230
241 240
279 6
143 99
54 17
55 157
203 323
81 213
83 204
288 30
52 47
19 158
203 141
96 65
132 135
234 179
142 88
222 243
32 130
114 121
184 119
55 321
296 166
136 250
33 291
224 13
295 167
260 91
282 232
211 194
237 208
34 258
290 293
292 1
137 313
188 276
9 228
86 10
124 185
200 196
230 95
328 211
271 221
46 136
49 111
160 86
306 205
327 26
32 144
291 240
22 96
28 196
179 80
258 107
73 8
310 303
220 278
239 42
96 300
119 79
195 48
107 281
39 270
60 68
84 66
100 66
324 160
194 324
223 260
302 294
51 98
60 236
79 239
249 157
107 286
309 33
274 5
296 42
259 190
160 100
59 285
277 121
99 121
193 236
219 134
128 268
149 191
9 31
47 110
213 295
99 17
151 28
299 322
286 310
287 27
293 288
60 90
207 229
227 36
211 222

264 168
89 181
181 170
165 182
182 127
101 183
183 5
84 184
184 67
77 185
185 110
166 186
186 124
31 187
187 74
161 188
188 155
168 189
189 117
27 190
190 83
101 191
191 25
138 192
192 44
67 193
193 137
120 194
194 98
13 195
195 8
177 196
196 180
55 197
197 70
32 198
198 168
117 199
199 99
157 200
200 120
138 201
201 127
132 202
202 13
102 203
203 146
111 204
204 120
76 205
205 91
93 206
206 72
169 207
207 175
155 208
208 65
20 209
209 97
159 210
210 93
33 211
211 15
108 212
212 69
52 213
213 74
76 214
214 127
53 215
215 63
24 216
216 162
115 217
217 15
138 218
218 177
168 219
219 81
63 220
220 67
139 221
221 146
89 222
222 99
142 223
223 66
41 224
224 40
89 225
225 6
144 226
226 113
118 227
227 25
77 228
228 143
147 229
229 28
22 230
230 152
142 231
231 101
76 232
232 2
90 233
233 23
44 234
234 90
171 235
235 169
155 236
236 147
40 237
237 95
92 238
238 136
3 239
239 40
76 240
240 82
49 241
241 83
45 242
242 82
118 243
243 5
52 244
244 37
129 245
245 93
113 246
246 59
98 247
247 4
136 248
248 180
43 249
249 139
69 250
250 30
174 251
251 45
179 252
252 169
3 253
253 140
48 254
254 63
169 255
255 7
50 256
256 59
7 257
257 57
146 258
258 80
53 259
259 4
71 260
260 132
163 261
261 176
126 262
262 47
82 263
263 180
80 264
264 9

257 192
49 162
162 146
27 163
163 96
57 164
164 61
21 165
165 56
120 166
166 41
68 167
167 39
73 168
168 97
150 169
169 86
93 170
170 148
121 171
171 76
22 172
172 147
136 173
173 157
24 174
174 151
146 175
175 82
110 176
176 104
140 177
177 142
108 178
178 59
85 179
179 87
146 180
180 123
38 181
181 131
69 182
182 54
67 183
183 7
16 184
184 159
124 185
185 80
135 186
186 123
140 187
187 4
54 188
188 11
98 189
189 154
104 190
190 57
98 191
191 120
8 192
192 133
144 193
193 76
104 194
194 153
75 195
195 145
129 196
196 91
36 197
197 150
129 198
198 98
153 199
199 122
155 200
200 9
158 201
201 77
4 202
202 143
131 203
203 126
157 204
204 107
122 205
205 139
45 206
206 63
24 207
207 63
7 208
208 96
125 209
209 93
92 210
210 138
74 211
211 19
44 212
212 43
49 213
213 111
48 214
214 144
152 215
215 38
49 216
216 86
149 217
217 107
80 218
218 89
116 219
219 105
12 220
220 3
84 221
221 51
20 222
222 67
115 223
223 113
130 224
224 10
134 225
225 66
92 226
226 129
35 227
227 134
140 228
228 150
4 229
229 45
143 230
230 2
17 231
231 75
119 232
232 26
101 233
233 8
133 234
234 68
3 235
235 25
110 236
236 31
125 237
237 8
133 238
238 110
150 239
239 133
99 240
240 122
48 241
241 16
90 242
242 93
85 243
243 69
31 244
244 84
142 245
245 43
117 246
246 153
122 247
247 67
27 248
248 62
126 249
249 30
50 250
250 31
42 251
251 9
88 252
252 137
92 253
253 151
46 254
254 77
77 255
255 62
96 256
256 87
75 257
257 141

271 158
126 193
193 91
151 194
194 179
82 195
195 141
86 196
196 107
116 197
197 54
15 198
198 131
87 199
199 115
141 200
200 174
10 201
201 179
92 202
202 188
127 203
203 38
179 204
204 5
85 205
205 63
87 206
206 47
172 207
207 48
151 208
208 68
91 209
209 31
19 210
210 161
168 211
211 165
43 212
212 134
138 213
213 34
130 214
214 43
67 215
215 47
28 216
216 75
163 217
217 77
164 218
218 175
135 219
219 77
40 220
220 42
116 221
221 43
113 222
222 162
117 223
223 130
39 224
224 69
122 225
225 132
74 226
226 122
178 227
227 83
23 228
228 121
1 229
229 116
67 230
230 115
102 231
231 147
103 232
232 77
29 233
233 114
27 234
234 158
122 235
235 186
136 236
236 118
67 237
237 29
62 238
238 23
44 239
239 6
141 240
240 176
76 241
241 5
148 242
242 165
4 243
243 119
82 244
244 19
6 245
245 184
15 246
246 117
89 247
247 85
106 248
248 86
20 249
249 81
36 250
250 94
22 251
251 181
83 252
252 73
156 253
253 145
189 254
254 161
12 255
255 146
93 256
256 62
180 257
257 159
147 258
258 100
88 259
259 175
7 260
260 57
50 261
261 27
107 262
262 104
179 263
263 121
62 264
264 27
121 265
265 28
175 266
266 178
15 267
267 137
62 268
268 179
91 269
269 105
116 270
270 17
98 271
271 117

285 204
52 184
184 109
137 185
185 45
14 186
186 74
168 187
187 45
75 188
188 125
169 189
189 114
14 190
190 46
183 191
191 172
49 192
192 48
147 193
193 18
34 194
194 181
56 195
195 48
106 196
196 180
94 197
197 69
42 198
198 26
163 199
199 112
183 200
200 109
41 201
201 108
170 202
202 63
155 203
203 110
132 204
204 58
135 205
205 80
76 206
206 183
129 207
207 66
32 208
208 71
61 209
209 25
115 210
210 126
172 211
211 103
85 212
212 40
70 213
213 117
111 214
214 179
77 215
215 91
159 216
216 43
66 217
217 28
143 218
218 57
81 219
219 52
69 220
220 81
71 221
221 131
108 222
222 70
43 223
223 150
107 224
224 183
22 225
225 132
26 226
226 34
99 227
227 40
114 228
228 61
36 229
229 76
84 230
230 101
139 231
231 181
23 232
232 31
22 233
233 112
2 234
234 55
182 235
235 100
2 236
236 137
139 237
237 60
19 238
238 120
113 239
239 117
182 240
240 114
80 241
241 89
22 242
242 96
170 243
243 30
105 244
244 168
54 245
245 57
24 246
246 68
76 247
247 115
153 248
248 34
111 249
249 46
35 250
250 68
51 251
251 114
65 252
252 164
88 253
253 100
31 254
254 45
169 255
255 62
119 256
256 140
71 257
257 72
68 258
258 94
103 259
259 163
90 260
260 149
124 261
261 105
30 262
262 179
124 263
263 44
83 264
264 97
159 265
265 8
21 266
266 181
129 267
267 122
2 268
268 97
40 269
269 168
45 270
270 52
60 271
271 127
124 272
272 100
142 273
273 94
116 274
274 130
122 275
275 169
35 276
276 159
127 277
277 170
161 278
278 85
20 279
279 23
39 280
280 155
162 281
281 107
124 282
282 175
85 283
283 38
92 284
284 108
128 285
285 130

254 166
116 172
172 55
132 173
173 9
116 174
174 121
65 175
175 164
14 176
176 165
126 177
177 116
125 178
178 131
33 179
179 27
135 180
180 106
44 181
181 165
117 182
182 105
112 183
183 91
65 184
184 96
158 185
185 31
69 186
186 149
98 187
187 130
157 188
188 110
108 189
189 10
116 190
190 79
120 191
191 32
90 192
192 51
111 193
193 58
101 194
194 133
79 195
195 59
86 196
196 119
108 197
197 65
150 198
198 120
139 199
199 133
53 200
200 161
120 201
201 12
106 202
202 70
37 203
203 13
62 204
204 152
50 205
205 47
43 206
206 90
123 207
207 132
59 208
208 118
85 209
209 33
156 210
210 141
15 211
211 58
45 212
212 52
23 213
213 77
22 214
214 149
3 215
215 37
92 216
216 165
116 217
217 90
90 218
218 85
129 219
219 67
145 220
220 140
50 221
221 163
138 222
222 39
165 223
223 18
88 224
224 26
132 225
225 117
69 226
226 110
131 227
227 50
28 228
228 20
156 229
229 123
101 230
230 155
113 231
231 166
104 232
232 27
147 233
233 97
41 234
234 120
100 235
235 43
115 236
236 8
81 237
237 104
132 238
238 73
70 239
239 117
115 240
240 84
15 241
241 21
6 242
242 53
110 243
243 70
138 244
244 111
126 245
245 124
34 246
246 131
145 247
247 57
107 248
248 14
97 249
249 39
82 250
250 159
125 251
251 132
77 252
252 106
98 253
253 164
128 254
254 119

343 1866
67 248
343 272
326 253
330 240
149 87
23 264
63 76
139 97
227 258
102 295
104 130
56 101
299 244
136 47
302 163
237 75
41 219
187 148
121 101
88 154
91 231
22 157
140 104
155 38
339 248
175 43
131 49
64 252
228 221
218 210
322 243
14 165
127 179
41 265
294 117
229 245
269 297
242 64
278 2
338 281
263 161
266 135
72 74
331 321
176 152
214 85
52 112
129 323
259 13
170 7
316 106
246 239
337 40
30 86
260 21
325 244
54 290
18 211
111 137
78 322
105 288
127 9
310 44
196 67
217 194
18 296
201 24
184 64
274 267
60 197
214 108
76 69
224 70
87 24
77 34
227 64
191 46
156 92
50 4
218 72
199 30
62 31
48 114
181 314
92 318
129 151
103 158
295 151
64 193
74 305
154 121
213 38
74 137
292 64
293 94
282 90
34 180
115 3
14 331
15 123
237 55
40 279
248 90
50 262
163 211
263 27
223 117
299 102
192 188
229 233
277 12
196 41
109 323
165 140
170 217
209 218
319 301
142 213
213 144
223 313
168 324
83 51
125 255
66 184
160 223
117 86
333 233
211 126
267 199
271 66
37 75
136 223
271 61
14 260
77 107
116 48
189 326
140 219
326 170
321 337
193 60
234 214
289 222
39 14
190 142
84 322
230 289
129 243
46 93
217 336
259 87
31 54
22 234
13 116
135 20
1 300
12 50
110 121
166 192
170 271
303 41
308 36
5 4
151 229
88 59
326 21
314 299
337 311
232 208
324 203
307 149
255 204
327 46
76 289
22 278
228 100
76 159
85 8
117 210
281 265
46 86
47 76
105 77
292 242
94 105
246 333
63 283
77 258
184 224
225 290
226 144
70 195
285 115
308 321
121 47
271 49
182 35
167 192
172 13
28 247
340 193
197 19
93 66
314 330
7 221
104 322
180 186
147 294
38 198
169 311
230 52
21 7
121 48
47 237
139 68
52 280
290 232
182 58
96 167
338 211
85 264
30 254
124 186
134 72
121 274
251 57
252 169
113 56
61 227
304 173
251 150
206 4
216 174
237 296
339 223
215 191
162 41
202 208
129 208
83 226
302 143
107 213
89 322
274 11
185 233
168 111
187 121
248 332
56 233
113 275
21 122
132 326
207 52
190 84
265 99
250 92
31 305
236 8
318 248
198 39
74 17
59 82
63 241
46 155
187 246
279 212
166 286
83 3
213 294
79 247
172 315
2 301
41 286
120 107
164 233
102 341
85 62
57 162
173 246
175 45
217 287
42 89
282 165
87 12
126 57
258 263
60 82
9 302
257 204
321 55
267 95
116 297
278 8
285 218
51 203
92 338
255 166
6 284
272 270
342 132
53 223
198 157
61 175
106 37
15 151
224 56
115 324
25 57
155 272
267 84
116 237
210 150
67 291
342 143
81 342
285 281
106 157
308 27
1 287
150 184
192 57
10 16
102 161
74 53
220 52
38 23
78 323
210 254
196 61
93 232
220 146
5 172
29 54
292 277
152 42
244 155
117 147
263 302
235 296
181 161
184 48
276 203
298 216
84 6
161 157
148 336
294 333
26 187
143 138
103 231
309 190
310 36
330 277
80 28
88 287
313 292
150 219
27 89
104 255
275 301
79 208
144 170
153 221
258 190
207 193
64 113
65 101
70 187
326 209
110 98
186 121
22 190
118 226
320 341
239 252
313 301
22 41
178 299
126 205
184 62
137 200
304 157
322 212
158 157
253 257
55 64
311 271
300 105
157 91
196 42
199 15
92 203
320 172
156 277
103 62
70 205
56 161
241 91
4 158
335 219
248 243
107 328
270 132
278 196
199 119
205 151
150 311
10 330
269 325
75 58
330 270
114 83
25 143
290 61
291 185
217 212
332 109
43 287
324 268
200 306
221 217
120 52
137 250
312 315
260 240
13 29
35 327
271 37
327 200
97 2
170 200
48 296
237 144
150 231
7 241
156 154
233 339
86 95
163 120
308 202
209 189
246 218
284 118
57 1
239 306
235 287
206 41
233 141
296 299
332 99
152 20
130 289
104 337
14 98
108 265
143 314
186 271
187 119
303 64
325 83
237 241
186 36
80 52
95 307
81 203
105 341
130 312
208 210
66 157
339 297
68 169
89 36
325 203
273 288
263 17
20 129
25 250
301 338
94 335
86 331
74 220
217 273
118 216
319 222
30 7
95 329
316 42
279 150
141 145
163 252
27 227
163 310
70 326
127 228
165 34
223 161
279 100
7 213
159 83
206 78
220 67
176 302
3 185
217 154
227 10
110 26
165 90
153 293
339 222
77 185
105 176
182 235
183 70
97 257
312 229
336 27
273 81
316 286
273 226
278 285
62 19
230 79
233 313
309 47
185 241
313 36
24 177
208 190
226 181
262 330
250 319
51 335
164 227
42 317
45 235
272 68
273 74
210 317
216 44
78 252
317 327
82 259
270 71
91 115
58 319
210 18
161 97
235 38
148 300
294 263
149 85
5 267
291 316
75 251
275 86
3 317
149 198
47 113
195 152
37 11
311 107
317 320
157 204
13 18
141 93
55 102
265 187
140 155
74 147
104 124
266 331
291 238
2 71
6 285
83 16
290 243
69 45
315 101
282 173
105 172
341 83
278 99
199 149
113 220
187 37
32 70
141 167
129 106
10 319
221 200
113 318
17 48
295 227
61 167
83 134
72 298
112 193
77 39
332 305
194 270
288 183
118 145
322 33
140 24
288 294
119 18
221 67
176 145
163 86
1 279
72 39
289 71
326 76
283 205
186 313
261 169
211 307
200 32
91 204
266 183
218 249
190 99
318 52
321 240
139 329
123 76
214 101
36 215
134 17
228 257
90 302
327 79
93 328
25 19
207 192
191 81
175 294
4 1
25 188
334 182
119 275
67 281
228 10
246 71
36 222
25 107
232 246
179 324
36 301
55 67
281 130
233 153
269 331
241 201
331 158
150 123
211 123
285 182
246 74
225 171
299 179
258 169
142 261
165 337
314 284
207 289
192 6
230 86
146 126
278 39
174 116
285 143
248 242
335 163
119 150
263 269
268 275
19 140
118 298
249 92
141 108
188 252
94 323
278 79
46 219
49 216
308 168
256 259
153 330
231 122
221 160
204 88
163 110
233 338
293 169
302 217
306 36
108 275
199 100
101 316
303 186
306 183
4 229
25 152
16 96
162 3
282 303
122 117
270 158
181 150
202 49
36 321
187 283
169 154
61 327
211 166
339 93
267 159
182 137
280 34
233 6
272 241
146 320
20 65
66 107
127 237
96 295
96 68
10 41
28 66
11 58
233 126
251 267
309 236
147 1
21 109
30 245
214 59
252 172
326 5
229 172
1 200
314 113
163 313
111 313
121 167
257 256
319 198
215 333
228 179
274 14
183 72
24 164
225 306
81 85
228 140
328 15
140 240
90 173
71 125
181 18
259 271
87 328
31 323
165 89
239 198
97 38
81 172
88 106
125 59
60 208
304 215
233 311
341 190
89 141
58 298
39 252
24 171
131 289
95 112
187 243
146 222
158 64
227 281
123 149
251 88
57 332
113 95
225 211
190 37
300 336
151 68
225 332
48 195
304 93
158 221
306 250
73 221
168 231
4 56
152 278
337 155
269 166
53 90
309 192
3 311
100 219
10 146
46 123
181 331
203 281
187 35
189 283
64 342
86 141
55 104
82 70
194 290
178 40
253 175
166 132
242 77
135 97
211 80
285 223
270 301
4 182
120 331
226 230
123 163
37 10
95 260
235 142
90 331
199 159
73 207
120 227
11 84
141 318
239 218
204 8
44 20
118 55
10 132
301 56
302 156
113 66
60 244
152 77
159 72
230 113
13 10
141 85
239 269
138 216
84 97
285 32
158 167
249 261
98 120
335 80
30 187
233 77
164 104
121 333
31 216
199 252
291 103
256 3
206 342
49 41
72 172
186 130
82 51
33 64
159 257
254 312
244 291
240 32
243 237
81 333
101 247
206 59
333 36
125 279
91 94
4 116
206 200
45 182
221 42
8 222
120 248
174 96
12 75
270 265
53 135
58 50
166 307
26 91
54 174
105 134
214 288
35 24
243 272
9 328
85 104
68 208
312 151
166 219
5 156
124 135
8 287
185 18
132 160
278 195
95 59
47 115
289 193
221 60
207 121
7 108
68 110
235 128
132 280
227 337
168 224
206 178
61 202
284 98
68 183
183 134
187 284
25 28
279 228
191 70
303 183
107 37
272 126
254 233
258 33
97 15
5 142
192 293
201 57
336 293
178 142
257 339
279 123
287 12
164 220
175 316
142 250
74 161
37 315
223 318
261 29
62 269
320 188
194 208
202 147
203 329
224 141
154 319
154 232
341 144
326 17
41 135
61 220
269 273
160 78
310 110
330 175
313 109
171 123
290 291
252 102
325 104
219 279
21 90
272 328
315 206
137 8
249 275
286 22
165 53
131 253
206 276
161 259
35 172
56 39
95 325
49 120
333 7
305 214
74 64
136 46
60 341
23 323
198 175
54 21
332 28
154 257
100 136
85 316
273 149
188 96
302 232
14 107
39 161
309 209
238 195
330 288
189 48
319 331
225 207
335 331
14 157
250 177
234 23
274 20
276 141
259 79
264 2
50 120
14 27
42 155
336 47
101 342
138 288
33 1
90 71
150 22
238 183
178 218
147 118
230 83
231 291
251 58
343 223
240 297
230 34
160 106
273 272
147 211
315 288
79 315
228 28
301 322
68 40
69 166
99 220
306 120
175 19
130 154
342 127
205 66
340 65
342 293
179 197
328 222
327 126
39 266
97 263
206 227
218 27
27 322
34 272
54 280
332 218
278 122
71 10
319 321
169 6
75 265
113 94
257 273
294 245
316 66
119 64
231 337
184 255
257 223
296 46
210 25
218 23
266 336
159 208
63 67
70 243
171 287
33 338
181 330
38 150
5 87
104 302
324 137
113 32
265 331
290 152
170 328
9 187
338 291
268 58
70 234
331 343
297 75
117 133
264 284
138 87
232 262
196 276
162 49
199 265
75 263
294 231
206 325
136 129
88 239
324 333
186 241
155 284
301 277
233 186
185 114
115 186
219 232
219 340
191 285
252 285
18 93
19 100
170 24
209 99
210 115
138 33
49 55
177 122
286 292
93 120
229 241
250 342
326 286
145 104
164 105
2 92
41 47
316 247
305 53
287 109
10 187
272 314
310 262
297 198
316 102
157 220
197 293
331 199
240 323
314 21
211 249
231 202
324 117
109 159
57 73
98 285
8 216
265 52
206 343
112 137
248 225
235 301
113 115
212 62
327 80
206 201
141 215
238 19
21 60
198 6
117 232
284 335
30 170
214 8
234 257
144 84
328 305
90 18
115 62
180 63
58 69
175 179
107 153
90 243
262 294
251 339
253 75
91 272
127 59
74 181
170 218
33 194
219 244
112 317
81 235
136 213
85 286
312 321
316 115
192 1
286 256
144 164
203 124
219 259
20 336
294 339
116 204
45 312
230 299
285 180
273 31
185 256
60 289
172 189
240 272
256 207
131 22
244 98
178 103
75 63
333 304
123 299
306 274
73 101
293 221
119 144
157 129
200 309
155 133
107 140
144 146
220 18
27 280
11 9
107 29
21 80
115 109
5 321
106 296
197 36
96 200
19 38
4 143
290 146
64 178
3 49
101 100
125 307
315 263
2 154
168 174
206 95
83 93
139 287
286 23
55 131
243 214
161 258
163 98
271 205
142 90
258 1
227 110
130 284
191 124
284 255
285 231
184 315
298 114
30 240
233 4
244 95
132 253
62 122
157 275
147 293
228 152
262 103
17 324
273 293
50 209
288 241
56 216
283 54
12 312
180 121
74 97
110 325
292 229
276 31
341 170
204 214
44 277
304 170
159 228
42 335
225 230
273 100
96 187
16 285
341 194
31 129
270 113
71 309
203 190
186 218
132 114
207 277
40 38
295 40
50 195
251 283
73 162
44 272
239 192
152 196
83 121
305 23
19 75
65 332
212 113
116 102
64 4
336 228
73 218
203 4
191 144
128 266
223 259
320 151
55 109
55 252
339 75
160 10
256 168
3 27
298 136
107 95
343 278
40 20
225 8
308 155
128 257
2 112
225 121
34 10
221 290
331 302
95 281
209 112
320 29
321 129
109 34
1 124
294 124
265 183
254 261
113 176
314 19
188 326
278 117
192 246
327 129
171 279
199 264
78 202
100 262
107 188
146 39
256 166
77 50
24 130
99 29
69 264
72 249
91 311
164 28
180 67
33 37
125 108
148 165
132 319
54 219
112 126
343 332
108 138
308 193
328 74
2 170
294 308
175 78
234 284
54 35
241 179
268 184
142 300
36 172
241 12
314 263
101 93
30 91
181 213
239 276
265 170
89 97
238 9
117 220
100 106
265 59
19 4
101 245
321 252
122 74
327 288
270 183
38 324
51 260
168 61
169 177
194 26
138 163
12 259
19 339
315 175
120 250
289 166
148 178
318 59
235 293
199 236
66 163
216 332
187 183
336 80
233 149
86 273
208 26
134 310
174 105
35 293
75 145
245 225
176 130
222 211
20 283
284 101
313 88
189 160
264 201
263 115
71 60
311 184
136 73
118 249
120 264
156 128
198 208
275 242
131 25
242 323
151 74
155 143
325 211
35 8
203 116
4 99
173 287
266 220
175 305
218 46
163 172
102 286
286 42
112 57
185 264
154 239
264 302
12 193
215 113
328 182
339 278
72 187
202 105
24 318
63 50
232 118
74 175
238 44
6 342
62 307
303 47
220 305
197 180
328 189
21 134
223 222
168 55
213 84
313 237
24 261
79 289
320 262
46 225
232 125
270 323
1 107
50 175
87 278
10 250
143 96
129 260
147 101
226 35
231 310
163 101
186 206
204 161
68 174
199 94
39 170
242 50
327 186
256 276
95 174
123 305
171 333
338 109
329 291
249 116
176 308
273 292
238 86
189 221
85 28
259 292
142 195
221 23
260 291
316 192
211 33
175 15
213 184
92 172
310 152
259 32
209 11
10 76
174 262
207 291
301 129
251 148
144 255
143 276
92 10
238 89
166 159
152 260
262 244
211 185
232 82
308 143
92 185
75 160
168 275
248 33
85 204
337 285
129 9
169 242
17 23
237 216
237 291
130 40
244 190
102 308
103 69
180 72
311 24
154 280
335 150
135 277
287 19
6 2
211 214
158 217
36 208
257 117
216 186
126 342
292 114
71 329
63 124
112 74
223 147
119 66
287 24
325 341
91 126
59 52
263 35
285 82
31 7
88 257
179 55
280 8
137 84
89 294
218 137
36 176
206 320
197 328
215 57
199 163
205 195
117 97
58 204
80 265
332 202
64 115
84 272
70 232
309 214
321 232
36 191
19 97
311 103
98 39
298 232
4 171
35 97
280 301
247 321
309 174
310 84
25 164
265 8
212 340
175 64
59 328
74 238
130 12
41 36
334 276
105 7
198 242
239 84
277 188
315 121
6 95
120 15
88 248
53 331
295 119
157 114
285 61
286 181
270 88
225 18
174 85
268 42
308 113
170 126
235 310
272 316
114 275
243 150
274 99
20 214
276 259
227 65
219 318
3 276
316 136
299 279
82 1
52 69
59 29
83 210
54 325
332 292
261 149
62 133
281 293
318 337
34 183
290 45
64 168
83 43
11 205
326 40
259 97
278 207
229 153
242 20
274 300
136 14
228 71
197 89
149 126
315 167
335 40
82 177
267 312
268 215
114 27
299 261
324 283
219 103
276 230
245 145
173 95
249 86
30 77
214 169
147 149
77 229
45 327
339 163
303 338
34 56
241 47
277 217
286 265
180 190
112 225
62 190
266 221
49 219
130 115
116 280
25 146
48 29
160 273
240 79
224 137
336 280
305 72
324 265
201 143
184 209
131 1
210 71
229 180
110 137
220 87
277 83
73 131
128 338
231 71
168 169
119 250
2 48
226 41
14 158
38 215
204 227
282 339
284 115
99 84
118 336
214 178
71 42
93 217
297 121
342 86
93 74
136 264
175 233
317 319
328 117
255 12
41 331
24 194
79 297
311 159
80 41
261 12
37 96
249 138
323 25
52 54
209 162
103 319
251 158
126 100
34 16
27 225
212 291
67 173
234 205
175 326
3 223
150 18
45 275
286 7
259 176
138 233
304 172
160 86
289 3
164 243
38 75
39 91
169 136
259 193
48 161
154 151
235 206
237 297
130 46
30 224
270 196
232 188
107 210
219 86
114 128
79 151
228 136
193 122
156 106
269 323
141 133
79 244
241 259
115 278
315 293
210 181
292 134
148 131
314 247
9 22
193 132
103 68
273 147
113 90
152 117
82 266
14 208
202 45
283 292
67 243
327 8
183 242
226 294
106 73
176 100
109 261
241 149
26 113
177 251
49 134
256 59
61 158
172 314
179 207
307 258
60 90

273 158
67 195
195 2
127 196
196 125
164 197
197 3
131 198
198 20
154 199
199 131
181 200
200 130
89 201
201 80
106 202
202 76
185 203
203 167
146 204
204 103
141 205
205 17
142 206
206 33
76 207
207 177
45 208
208 93
26 209
209 177
31 210
210 131
56 211
211 185
73 212
212 193
13 213
213 107
130 214
214 71
105 215
215 45
109 216
216 130
146 217
217 140
185 218
218 100
4 219
219 104
61 220
220 94
156 221
221 42
48 222
222 40
124 223
223 169
49 224
224 184
169 225
225 60
164 226
226 109
63 227
227 84
151 228
228 149
137 229
229 145
116 230
230 19
167 231
231 177
93 232
232 34
5 233
233 3
147 234
234 43
18 235
235 42
137 236
236 32
116 237
237 118
129 238
238 172
30 239
239 14
148 240
240 31
8 241
241 64
6 242
242 101
71 243
243 153
112 244
244 129
99 245
245 25
65 246
246 60
153 247
247 181
119 248
248 44
106 249
249 192
163 250
250 122
69 251
251 19
166 252
252 143
107 253
253 134
146 254
254 12
94 255
255 155
122 256
256 85
68 257
257 60
142 258
258 157
131 259
259 67
111 260
260 162
96 261
261 20
99 262
262 134
62 263
263 169
59 264
264 147
34 265
265 55
87 266
266 61
117 267
267 68
3 268
268 188
167 269
269 66
37 270
270 42
97 271
271 94
110 272
272 40
18 273
273 161

281 172
42 196
196 71
164 197
197 131
107 198
198 53
119 199
199 6
13 200
200 182
93 201
201 113
190 202
202 154
111 203
203 25
94 204
204 35
12 205
205 94
129 206
206 44
42 207
207 173
96 208
208 44
189 209
209 65
100 210
210 171
10 211
211 98
150 212
212 189
140 213
213 186
162 214
214 21
167 215
215 37
123 216
216 127
36 217
217 127
155 218
218 86
159 219
219 102
124 220
220 62
159 221
221 36
140 222
222 103
49 223
223 107
162 224
224 160
119 225
225 164
19 226
226 105
22 227
227 59
109 228
228 186
75 229
229 35
158 230
230 72
41 231
231 94
91 232
232 11
38 233
233 77
110 234
234 105
77 235
235 191
189 236
236 17
144 237
237 27
41 238
238 68
82 239
239 31
90 240
240 50
183 241
241 164
147 242
242 41
127 243
243 51
17 244
244 43
122 245
245 162
10 246
246 88
38 247
247 144
19 248
248 146
6 249
249 178
79 250
250 180
145 251
251 151
167 252
252 168
70 253
253 104
23 254
254 177
27 255
255 108
143 256
256 87
184 257
257 81
182 258
258 145
22 259
259 47
75 260
260 55
5 261
261 58
49 262
262 176
169 263
263 120
102 264
264 95
39 265
265 145
106 266
266 60
185 267
267 188
176 268
268 10
166 269
269 103
27 270
270 51
121 271
271 186
163 272
272 145
140 273
273 111
71 274
274 7
142 275
275 77
135 276
276 5
81 277
277 82
135 278
278 76
67 279
279 58
43 280
280 185
63 281
281 32

270 202
3 170
170 153
29 171
171 50
94 172
172 142
24 173
173 4
56 174
174 1
110 175
175 58
66 176
176 57
90 177
177 103
26 178
178 77
48 179
179 37
149 180
180 96
15 181
181 92
157 182
182 26
162 183
183 26
7 184
184 58
121 185
185 50
142 186
186 123
22 187
187 165
105 188
188 36
102 189
189 27
67 190
190 7
21 191
191 103
14 192
192 168
146 193
193 87
152 194
194 46
14 195
195 153
52 196
196 1
41 197
197 124
117 198
198 99
156 199
199 84
95 200
200 97
32 201
201 123
132 202
202 69
92 203
203 119
160 204
204 13
81 205
205 129
120 206
206 129
40 207
207 51
69 208
208 96
9 209
209 161
134 210
210 43
44 211
211 71
3 212
212 117
33 213
213 40
82 214
214 51
136 215
215 118
15 216
216 132
15 217
217 46
64 218
218 104
51 219
219 136
168 220
220 129
53 221
221 129
133 222
222 39
65 223
223 120
16 224
224 23
163 225
225 126
168 226
226 167
128 227
227 151
14 228
228 95
167 229
229 71
119 230
230 34
147 231
231 121
165 232
232 160
94 233
233 152
167 234
234 50
44 235
235 37
113 236
236 76
77 237
237 96
138 238
238 127
17 239
239 2
145 240
240 104
140 241
241 110
136 242
242 1
128 243
243 89
104 244
244 36
146 245
245 24
90 246
246 61
90 247
247 163
124 248
248 104
114 249
249 166
167 250
250 156
18 251
251 109
166 252
252 151
100 253
253 163
56 254
254 113
19 255
255 15
10 256
256 21
42 257
257 91
92 258
258 7
113 259
259 38
1 260
260 76
153 261
261 128
46 262
262 89
37 263
263 146
21 264
264 63
157 265
265 99
159 266
266 38
112 267
267 94
168 268
268 73
17 269
269 118
41 270
270 51

268 216
97 161
161 120
10 162
162 90
127 163
163 38
137 164
164 124
87 165
165 14
18 166
166 96
107 167
167 4
145 168
168 73
151 169
169 40
111 170
170 142
98 171
171 142
93 172
172 71
112 173
173 62
94 174
174 72
67 175
175 30
15 176
176 83
46 177
177 98
121 178
178 9
148 179
179 112
109 180
180 141
126 181
181 53
32 182
182 84
128 183
183 46
113 184
184 58
93 185
185 17
85 186
186 37
107 187
187 79
46 188
188 43
19 189
189 18
2 190
190 147
98 191
191 20
125 192
192 87
25 193
193 53
34 194
194 81
53 195
195 148
111 196
196 94
2 197
197 43
39 198
198 57
53 199
199 36
49 200
200 118
60 201
201 58
145 202
202 31
126 203
203 123
61 204
204 125
106 205
205 145
29 206
206 10
155 207
207 69
105 208
208 56
29 209
209 111
44 210
210 150
16 211
211 39
87 212
212 111
79 213
213 91
92 214
214 159
145 215
215 60
112 216
216 100
110 217
217 78
66 218
218 43
28 219
219 140
27 220
220 86
86 221
221 66
73 222
222 2
114 223
223 90
94 224
224 36
133 225
225 104
147 226
226 38
16 227
227 73
43 228
228 159
9 229
229 138
38 230
230 84
69 231
231 160
53 232
232 81
157 233
233 103
13 234
234 56
111 235
235 20
97 236
236 143
23 237
237 108
62 238
238 103
115 239
239 29
33 240
240 155
16 241
241 64
39 242
242 74
133 243
243 129
111 244
244 4
7 245
245 139
50 246
246 53
19 247
247 139
102 248
248 115
24 249
249 126
111 250
250 120
144 251
251 65
159 252
252 83
117 253
253 15
58 254
254 91
128 255
255 58
39 256
256 90
4 257
257 91
96 258
258 106
60 259
259 27
119 260
260 97
159 261
261 17
142 262
262 139
27 263
263 18
84 264
264 52
76 265
265 145
121 266
266 129
103 267
267 106
73 268
268 102
