3104.60462511
3123.9104857
3189.17836046
3207.61381511
3224.75218606
3310.62300511
3392.87650765
3425.64994511
3562.70885511
3663.75653511
3663.79827714
3673.09819525
3705.4599541
3717.46369725
3720.77799511
3787.30297306
3817.58832063
3833.86205511
3890.88351511
3977.91554511
4061.45097504
4091.95847511
4145.10542772
4148.97993511
4189.0145166
4277.07489511
4362.07597839
4368.2825681
4376.14330511
4390.47651713
4507.18379511
4604.34009111
4608.23147511
4764.33258511
4851.36461511
4979.45957511
5007.46572511
5076.51233511
5135.52430511
5152.18376378
5164.5274097
5205.55492511
5264.56689511
5280.86851996
5317.99179882
5333.64988511
5367.57608511
5430.70264511
5478.73008591
5481.61901511
5516.34645525
5517.73467511
5524.56680118
5589.30027904
5594.70307511
5621.21622624
5631.77760511
5655.90720676
5709.73001511
5758.27847505
5759.87256511
5806.78277511
5834.62034677
5877.81988511
5880.18887976
5887.96752511
5929.59994325
5970.63533864
5992.84682511
6019.00801511
6063.88393511
6076.02947511
6120.90539511
6133.05093511
6183.32895908
6202.07631626
6235.93233511
6270.10984511
6292.95379511
6370.16480815
6386.30172959
6406.03785511
6407.16875511
6417.75737434
6521.06479511
6522.39396701
6544.22766511
6589.43613887
6618.11755511
6661.49560272
6717.18596511
6820.19515511
6877.21661511
